22.53575 9.00391666667 1.5584234926
8.2765 13.8873333333 0.713174994211
17.2423333333 2.58825 0.271631067357
24.4135016667 6.02541666667 1.24383755328
11.7546666667 4.15033333333 0.484767893074
5.23541666667 24.0396666667 0.854065205397
7.42475 4.84308333333 0.793841422634
2.12766666667 15.8240833333 0.209543435838
5.87725 9.00991666667 0.560545538829
9.169 3.07658333333 0.387906729569
7.10525 16.5126666667 0.572360003504
4.83641666667 6.44941666667 0.907369448308
20.938 24.031 0.709351532603
22.4945 5.55791666667 1.23220217438
1.62583333333 20.40625 0.447045618863
17.5243333333 19.731 0.603558903045
16.5633333333 3.40691666667 0.557323329755
10.3915 6.14308333333 0.522856672206
18.1081666667 20.7286666667 0.256503925273
14.4174166667 4.61283333333 0.804333893546
13.1918333333 21.4355833333 0.359900101977
23.76475 21.8239166667 1.61520672985
4.23158333333 14.4778333333 0.300503793672
3.169 2.10566666667 1.75995896735
20.5455833333 18.1378333333 0.505324415942
15.9835833333 3.97191666667 0.328414217661
11.2766666667 14.2571666667 0.976416612365
18.66275 18.69325 1.44473727509
6.69483333333 16.0299166667 1.60650003905
21.9075833333 9.13191666667 2.49888042815
24.7498340583 18.2255833333 0.436286148147
2.57441666667 13.5049166667 0.449428487764
18.76425 10.3726666667 0.93863190995
5.21825 21.6915 1.70463741149
0.596833333333 15.0965 0.605840848751
7.47175 13.9299166667 1.06813260563
6.63341666667 10.15375 0.51048115159
15.7276666667 11.88675 0.94513383859
22.8348333333 4.19191666667 1.73714151522
16.3955833333 16.0998333333 0.506613547243
6.94175 12.54875 0.550825692789
23.23925 13.6925833333 0.750214252083
9.29166666667 15.6753333333 0.930199643632
8.72841666667 9.7095 0.785338294851
3.64125 20.66075 0.337060783033
14.5765833333 7.50833333333 0.425057653691
23.6844166667 15.1099166667 0.769624171494
23.6740833333 5.72425 1.30417080229
5.92158333333 22.2926666667 0.427127263513
22.392 17.6095833333 0.619623537644
22.7080833333 16.7564166667 0.885981409896
25.2375874167 23.7476666667 1.10012803989
19.8050833333 7.89091666667 0.421972237456
11.2579166667 13.0854166667 1.12587609359
16.38125 15.624 0.82466305072
2.2645 21.0699166667 1.31936736047
17.5210833333 20.6554166667 0.687391979645
4.9385 21.25625 1.33105691379
8.59441666667 23.0243333333 0.499404971355
8.57258333333 23.9875833333 0.869476327997
6.25258333333 21.107 0.447371369626
15.7276666667 3.38083333333 1.263241889
5.29258333333 8.35566666667 1.32302815646
7.01158333333 0.371 0.777608957485
15.35975 6.26441666667 0.591999473594
21.586 21.3170833333 0.753210669401
7.37291666667 8.92308333333 1.28897750557
2.55858333333 12.8318333333 1.03221531663
16.24625 8.93608333333 0.754994878068
17.6651666667 0.560833333333 0.203688763085
19.3144166667 16.4041666667 1.24707671145
13.09875 18.3493333333 0.593052643579
3.525 22.8995833333 0.888113082984
15.8011666667 20.5995833333 0.514002165068
18.9460833333 24.1338333333 0.618151362543
3.53016666667 0.6555 1.2255732709
7.42191666667 24.0941666667 1.02499990379
7.60883333333 5.52375 0.479645760797
2.88383333333 7.44291666667 0.958704160283
15.24425 19.3980833333 0.717536131736
2.932 6.79316666667 1.58351070684
16.9554166667 16.6545 1.53269205997
9.38658333333 7.16275 0.475215121913
23.4425833333 1.41241666667 1.02709662673
10.1664166667 20.7303333333 0.471532104996
12.5258333333 12.9285 1.45061287742
6.36433333333 8.47075 0.84719776719
16.4773333333 11.83975 1.4732560295
0.99575 23.0905833333 1.15423788574
3.58241666667 17.98775 0.912978221284
11.6953333333 19.1190833333 0.706789157033
14.995 3.35958333333 1.20284706827
7.72375 12.3755833333 0.441578887032
4.98416666667 13.4355 0.832916286013
3.76866666667 12.4344166667 0.559608274319
18.34125 24.5580833333 0.832367019117
4.87316666667 23.1258333333 2.49040666774
22.5648333333 12.4940833333 0.430131664032
20.4915 2.19466666667 0.696822989218
9.19675 23.9835 0.860856647373
1.84375 13.2655 0.595913458379
0.401166666667 24.19075 0.985916174697
11.88225 17.4031666667 0.186916595334
0.975166666667 8.3035 0.464595683065
23.20225 16.8428333333 1.74098632543
10.82475 5.53225 0.0603496833509
17.0415833333 10.8973333333 0.609382354941
22.3515833333 6.0775 0.423511483676
17.3388333333 16.0574166667 2.42301517573
1.0005 17.9706666667 0.708674423949
14.4964166667 15.29475 0.589272223689
21.04075 5.97883333333 0.713674778035
1.68783333333 21.3033333333 0.787233122031
24.088 5.10466666667 1.68693105411
21.1170833333 11.9406666667 1.56770703209
8.60275 1.60733333333 0.62913066443
11.7786666667 11.80225 1.05087641076
19.0361666667 1.04225 0.641327125877
19.5936666667 18.7001666667 1.07911419078
22.1636666667 2.55233333333 1.38385482389
10.15275 -0.429833333333 0.629976176528
14.6991666667 8.30416666667 2.24231752841
22.9515 17.83775 1.51118162215
13.6165833333 25.023335 0.599099229437
18.5229166667 9.13991666667 0.528263200066
7.22833333333 9.58091666667 0.522184927027
20.8814166667 22.9960833333 1.713191986
14.1678333333 6.09641666667 0.579254036912
17.3249166667 4.959 0.258327686358
16.6036666667 10.4231666667 0.379832666099
18.6366666667 20.157 1.06594764897
6.62433333333 19.2196666667 0.451542544446
3.377 10.41075 1.09511535799
14.24175 17.91375 0.795529057408
11.6475833333 4.70441666667 0.624566669663
13.937 22.8605 0.448811990534
2.01516666667 18.7315 0.511292337636
20.6595833333 0.6185 1.67386267649
7.02725 22.7798333333 0.398320344845
20.6391666667 17.5445 0.459498470331
4.52408333333 22.2816666667 0.398469325029
3.775 9.77625 1.11058120378
11.1229166667 12.23525 0.773910797194
14.59075 25.2528389417 0.594670242926
14.915 19.9799166667 0.201214757094
4.68375 7.8715 0.535398882831
4.60991666667 3.049 0.841096715284
9.44575 19.22075 1.70292457663
20.2526666667 2.70741666667 1.32316650394
1.91983333333 7.31 1.63078965254
8.41366666667 3.2285 0.704764534023
22.4256666667 10.405 0.614464588733
1.41875 23.9886666667 0.233990472414
0.631666666667 6.87966666667 0.805039592929
12.9071666667 8.01383333333 1.17549820833
24.8793340833 7.2895 0.656720418319
4.4095 18.4325833333 1.32846445562
7.54433333333 25.0625865917 0.965969546744
20.2195 8.17533333333 0.548677262798
3.906 19.7799166667 0.633627118459
10.9899166667 3.65783333333 0.946764047384
11.0016666667 10.2040833333 0.673757997376
19.7116666667 17.1795 0.755089581008
18.5765 -0.0763333333333 0.427831659278
2.43325 8.139 0.465922089811
8.32866666667 11.2795 0.384854521487
7.80858333333 8.15416666667 1.20397362285
11.4366666667 7.78875 0.949004410045
18.9879166667 2.92508333333 0.0632237401625
8.20508333333 7.16691666667 0.431772091253
24.3749166667 23.9544166667 0.666896691628
12.9318333333 4.33241666667 0.2238580671
10.1499166667 14.265 0.651841945205
7.905 9.21758333333 1.36136475814
6.46191666667 4.67808333333 0.95185213865
10.3669166667 13.2865833333 0.73032175296
23.6031666667 19.4905 0.592361175602
4.93516666667 18.76475 0.635465663438
8.13408333333 19.7063333333 0.446083214961
21.3579166667 1.36416666667 0.396770144522
9.305 4.8865 0.730172814591
6.9015 14.5125833333 1.28137618772
15.8020833333 13.9979166667 1.83514426978
0.7975 16.79175 1.43358255861
6.10616666667 22.7994166667 0.374325755341
17.4248333333 8.323 0.392167409207
7.11933333333 19.4309166667 1.06392154609
4.17233333333 2.21058333333 0.286958348449
16.6993333333 22.6339166667 0.362953245573
19.7144166667 20.4916666667 0.522101464503
18.39625 4.53491666667 0.493614960381
2.65783333333 19.671 0.985124174741
8.73166666667 -0.0634166666667 0.799011673894
19.95225 10.51425 1.18070482647
20.5876666667 25.3342544333 1.04270488479
15.3775833333 24.5496666667 0.482754864179
15.4234166667 1.31783333333 1.02303251635
6.001 13.6756666667 0.943428004409
25.1766712 3.62416666667 1.28515064069
6.77691666667 10.9785833333 1.03195682078
15.6195 8.52308333333 1.34094837567
0.97875 17.0965 0.530025977144
8.21716666667 8.64866666667 1.41222594562
19.2770833333 9.90825 1.2864638349
7.75375 3.279 0.583785019486
22.8146666667 24.54925 1.10098109764
8.80325 5.844 0.456760780746
15.0365833333 0.929 0.533038124077
20.8450833333 3.42866666667 0.850345560413
4.137 17.32 0.785905051042
21.59025 7.32425 0.398740579561
2.80033333333 17.8005 0.234641792333
24.0621666667 12.18875 0.626522656436
13.9006666667 16.0328333333 0.907229955728
14.1573333333 3.77758333333 0.906827107147
19.7915833333 21.8915 0.46654944242
20.70425 6.43408333333 0.64133291312
13.4939166667 0.594333333333 0.527019632629
21.98225 11.00575 1.8686335766
23.9903333333 23.3204166667 0.666905684757
13.49225 10.14675 0.289262280433
2.54541666667 10.8759166667 0.358962033063
9.79841666667 18.6806666667 0.75627220576
21.438 17.3695833333 0.766165317416
13.5278333333 8.893 2.22954094951
15.7494166667 21.81 0.463601306276
4.72191666667 17.6624166667 0.845105804515
14.8295833333 2.08616666667 0.452757344861
17.4924166667 23.65225 0.46663064422
13.76075 2.80941666667 0.176628577987
22.1715833333 20.782 0.320052218504
7.84116666667 6.61008333333 0.930765991823
15.1159166667 7.94241666667 0.77570108212
9.17058333333 24.4149166667 0.918383054427
13.12125 1.353 0.0593068924018
13.5903333333 5.72308333333 0.758557867137
4.90108333333 16.1980833333 0.366683871874
9.58733333333 12.8516666667 0.471014808475
6.52366666667 17.8288333333 0.966776819058
5.71666666667 6.30158333333 1.27627960692
0.842166666667 19.0679166667 0.815541668536
0.390333333333 24.55 0.389324821529
22.2119166667 15.5324166667 0.863080663517
11.724 11.1064166667 0.678080665473
23.09275 0.439833333333 1.27475309747
5.39033333333 0.112083333333 0.725398464178
25.006002475 19.7521666667 0.418708115726
8.90166666667 6.58733333333 0.404008432655
2.15325 15.1718333333 0.644477375476
13.1840833333 19.2295833333 0.694675173542
13.74 21.3451666667 1.0049019086
5.66441666667 14.4819166667 1.2692331802
11.8779166667 14.6193333333 1.17892957216
20.82425 10.6140833333 0.956385668083
10.0779166667 21.4750833333 0.747769643811
9.85625 7.96533333333 0.779166496079
5.89016666667 11.5685833333 0.750744352023
14.9944166667 22.1203333333 0.181546472854
9.18016666667 11.4638333333 0.673878553191
12.8006666667 5.66683333333 1.70499833578
5.692 4.51633333333 1.10336332109
13.91025 16.7710833333 1.82215554086
24.7805015667 9.1375 0.60035156116
19.44625 19.4085 0.243038089293
3.51591666667 22.34175 0.538676954863
8.13808333333 11.8083333333 0.132709227145
23.5335833333 8.39316666667 0.957644672455
1.17508333333 12.79425 1.7823972264
17.6396666667 21.4971666667 0.3101105382
0.00325 25.0010840833 0.583273076592
4.86983333333 12.4183333333 0.387508139302
16.8653333333 18.9385833333 0.532142850039
6.01933333333 9.67033333333 0.93927511601
13.88875 12.6376666667 0.632641820069
8.83716666667 4.224 0.597224280469
14.173 25.741507925 0.639684461125
18.3635833333 1.23875 0.743537175149
9.13408333333 13.29725 0.201030788654
3.59825 25.5720916333 1.60761813127
12.43025 3.43125 0.429755613825
0.296666666667 21.0843333333 1.49173416302
16.1069166667 18.1025 0.645248725999
14.3956666667 21.30375 0.361544981833
-0.102583333333 1.6575 0.663336738123
12.41075 1.49041666667 0.606170397861
0.952333333333 15.53175 0.842502249391
18.2761666667 7.97125 0.451634476454
2.189 16.4511666667 1.28450402743
16.7141666667 6.51491666667 1.34145664669
1.14691666667 2.87891666667 0.629506184568
13.0430833333 12.3015833333 0.446190609571
11.86275 13.7968333333 0.48109810691
24.56175 11.7901666667 0.623555595535
11.0159166667 22.4354166667 1.38729435205
18.976 17.9371666667 2.03485695636
3.32966666667 15.6741666667 0.495743872608
16.47775 24.7719166667 0.580879939669
8.48225 3.94225 0.646223315358
13.6349166667 19.6180833333 1.0101504902
8.81833333333 14.0384166667 0.348861464387
12.0701666667 24.1663333333 1.02776111852
21.4685833333 18.2653333333 0.727476032919
24.2178333333 17.6903333333 1.52311247205
5.45616666667 14.968 0.812033923135
19.139 13.5910833333 1.80169008243
5.79008333333 8.04133333333 0.487700869052
16.32475 11.2068333333 0.846722851851
12.88875 17.4090833333 1.61363217698
4.20933333333 11.5939166667 0.253594885863
2.87083333333 -0.301833333333 1.89380025263
0.3275 12.2541666667 0.678395039821
4.87008333333 9.72025 0.779195031605
10.37925 13.8883333333 0.417149152756
15.53775 23.6399166667 0.823907664139
6.62633333333 24.1291666667 0.703392317213
13.8396666667 15.2899166667 1.05286671554
18.4621666667 3.75483333333 0.447835304034
7.81116666667 15.6706666667 0.708987489747
22.9930833333 20.3481666667 0.641344225154
2.42325 3.62975 0.542260041773
23.8633333333 7.37416666667 0.836443225172
6.5735 11.8024166667 0.857769328422
21.4538333333 0.514166666667 0.666637137683
2.83791666667 3.23783333333 2.07249683982
9.47516666667 24.887 0.922474063175
18.1845 23.63625 0.377466208661
14.6531666667 6.19525 0.633057872359
23.2003333333 10.307 0.572126282195
23.6295 6.69458333333 1.54224330056
16.2614166667 22.065 0.905008552829
10.9638333333 20.4754166667 0.713838195563
2.36258333333 1.86266666667 1.35350311783
18.9804166667 16.9263333333 0.661602515782
15.5080833333 17.1818333333 0.572342214307
0.855916666667 20.7988333333 0.385324129872
25.0791682667 14.7111666667 0.150708324594
5.17608333333 7.203 0.744436366354
11.4454166667 18.6003333333 1.0799762572
18.4351666667 7.19816666667 2.14932562356
13.2164166667 3.66458333333 0.731721180119
16.5465833333 0.121666666667 1.33090694667
3.43325 13.4294166667 1.29689733304
25.0839189583 5.41066666667 0.793019348943
15.5145833333 14.8241666667 1.16760503956
5.38625 3.75591666667 1.57478723175
14.3153333333 9.89225 0.282832893033
5.95958333333 25.3099213333 0.879521698298
22.5615 1.54183333333 1.57266399124
10.2306666667 9.16283333333 0.227817713979
5.9315 19.40575 1.68750196301
7.33025 23.3429166667 0.605328226126
25.6146746333 12.9145 0.113119417527
2.07933333333 19.8788333333 1.32947101391
10.00975 15.0223333333 0.703855133941
12.2318333333 8.11208333333 1.70751139367
20.8565833333 14.4801666667 0.776867406149
1.04391666667 6.37591666667 1.59927665426
10.9438333333 14.9320833333 0.691971418856
5.37825 5.43666666667 0.999944552563
16.849 23.1929166667 0.968092824155
21.4235 16.40175 0.83486994467
14.511 5.04741666667 0.69738020434
22.4134166667 6.37816666667 0.951302791096
7.82425 1.9875 2.1884912277
20.389 4.68141666667 0.56561467863
5.21616666667 1.94658333333 0.753614068971
21.0711666667 23.274 0.908299713483
22.5015 13.1885 0.792109676925
1.21083333333 25.2549223083 0.542829386487
9.117 14.7621666667 0.613846465289
8.59358333333 13.1083333333 0.389533120227
15.0605 21.50275 0.431971413101
1.76333333333 24.6320833333 0.560363798486
2.28791666667 2.78291666667 1.51167186708
6.04916666667 3.36816666667 1.08546813658
13.8478333333 8.48266666667 0.689468212755
8.93975 5.37916666667 0.864177809907
8.1525 9.9065 0.572947073211
5.82833333333 12.2474166667 0.452292979059
9.73733333333 8.64816666667 1.04984749304
24.3323333333 18.80125 0.538792180934
3.20741666667 18.4663333333 0.874242449179
17.7141666667 22.01275 0.925018174183
16.81675 21.2150833333 0.236324399514
15.1599166667 8.95691666667 0.653956384281
1.35125 7.50708333333 0.966068990823
18.7276666667 13.8200833333 0.246748974162
9.49933333333 13.8060833333 0.709476822846
1.6555 11.46575 0.292413965371
2.05708333333 22.7584166667 0.272584699055
16.51975 14.4304166667 1.44312144502
13.2738333333 10.8374166667 0.2499760251
15.6819166667 5.08875 0.820309956452
23.0950833333 2.05291666667 1.77051677783
25.4287553333 0.359 0.686245360676
22.0056666667 17.1144166667 0.480295935538
3.01891666667 4.7625 0.451708166335
10.9580833333 18.9130833333 0.420818801234
20.2701666667 11.4995 1.82524312203
13.6301666667 9.34933333333 1.30397458238
10.3509166667 4.67991666667 0.2071381913
20.4805 5.37566666667 0.422325911369
2.847 22.61425 0.625388213321
10.6785833333 17.8196666667 1.17472467841
12.7859166667 9.09141666667 1.00255335706
21.12125 4.65883333333 1.07989408582
6.03716666667 2.61225 1.30691586454
15.295 10.4345833333 0.898638982171
11.3544166667 5.43233333333 0.426972169715
14.43175 14.4305 1.69083902135
16.9254166667 18.07525 0.508304164464
14.2826666667 17.1460833333 0.917362672814
8.45916666667 10.704 0.711763747696
24.2769166667 20.3468333333 0.514344219479
4.50975 5.76933333333 0.827240453842
7.366 11.10475 0.309837355103
15.5935 21.0795833333 0.955671568155
7.24941666667 13.3546666667 0.595264038008
18.3940833333 14.73225 1.18915847603
23.3454166667 24.79175 0.467471856699
18.81525 8.09583333333 0.793290462324
1.33866666667 19.4866666667 0.308671626277
22.2126666667 16.1355833333 0.689277907386
9.75466666667 6.74241666667 0.239661147132
8.95841666667 12.55675 0.552426337425
14.555 23.3563333333 0.112285111126
19.89625 5.558 1.18776086401
2.11575 17.8048333333 1.14134774557
20.446 9.69725 1.43975331006
20.2666666667 7.44341666667 1.02561346274
20.9730833333 8.57825 0.673012975418
24.9046666667 15.36075 0.76292730978
22.2444166667 13.8925833333 0.349401052
10.0039166667 17.0005 1.02524043476
3.25308333333 2.87083333333 0.703165723208
14.8825 9.86 0.775257120145
12.6383333333 24.9983333333 0.581961487665
6.14816666667 7.30216666667 0.637061010098
7.618 1.416 1.06118647278
-0.357833333333 9.89916666667 0.693582704053
7.487 21.4620833333 0.620378042658
11.8555 1.23258333333 0.387475289883
2.22616666667 -0.0139166666667 2.11732429397
20.9765 13.112 0.569214043233
1.03083333333 21.3220833333 0.964289778443
24.2748333333 9.86758333333 0.949610952515
19.3974166667 0.1885 1.08563551188
7.86458333333 24.34575 0.54084016664
21.928 19.0150833333 0.840115868497
23.6380833333 17.8884166667 1.85030894196
17.99575 14.4131666667 0.718729460045
18.4086666667 17.0405833333 0.558669932866
1.85525 12.3075 1.07873518543
3.44941666667 24.5468340833 0.357339095231
23.5311666667 23.36175 1.22544025564
6.852 21.0980833333 1.11001494194
17.5566666667 10.7134166667 1.03901400436
7.5305 14.9384166667 1.72543031387
15.1125 13.8974166667 0.477336868367
5.60308333333 16.1276666667 0.400415544827
3.07183333333 21.71725 0.438501983121
17.7980833333 16.6465 2.06425907795
5.90608333333 21.5406666667 0.118227578533
22.28425 11.7434166667 0.29185853463
10.72675 7.55116666667 0.348091727739
9.47458333333 20.0465833333 0.399312168367
20.8640833333 4.245 0.256287410447
1.36125 0.554833333333 0.492656203091
23.6668333333 13.2173333333 0.774404700444
19.4955 2.35175 0.872829659799
20.1561666667 15.904 0.812890406418
11.8993333333 3.66333333333 0.87152158019
23.0574166667 15.3624166667 0.893494175236
16.3030833333 18.8810833333 1.12321707883
3.61225 14.0204166667 0.672029338088
8.1065 5.03116666667 0.040834205858
25.086169775 16.3425833333 0.457778563363
4.48475 16.7824166667 0.210151049547
0.81575 22.5679166667 0.644478952872
10.4878333333 18.4459166667 0.808990765725
6.30875 10.8565833333 0.151062595196
10.4925 19.9906666667 0.49067362967
13.7715 6.709 0.231073778466
2.99341666667 20.6381666667 0.577151354273
5.05283333333 0.9775 0.840656730947
19.7895 6.74858333333 1.19556594085
17.5108333333 9.813 0.717653799875
19.5095833333 23.0813333333 0.122611511887
0.6745 0.523 0.679119935586
16.1453333333 5.56 0.444345298504
10.6183333333 1.27266666667 0.513652339547
0.5855 5.86616666667 0.423635481648
18.1803333333 16.103 0.764572359821
19.02 14.5258333333 1.87360847588
7.11633333333 0.956416666667 1.19524507485
20.9213333333 15.8910833333 0.162256340828
24.4211666667 22.2959166667 1.55290200132
13.03225 15.2834166667 0.487120478196
10.357 2.20675 0.889509949087
12.1455 15.3274166667 1.41024759688
21.2494166667 2.15108333333 0.748422679281
19.2153333333 11.4669166667 1.51679344862
5.89625 5.68883333333 1.13077407404
12.64975 23.6988333333 1.13550133874
0.869333333333 9.7375 0.230633176916
13.54525 20.0016666667 0.219699329419
18.1751666667 5.62325 0.31605072455
4.35183333333 13.0269166667 0.286831326185
-0.196333333333 4.75691666667 0.576205923613
6.17225 12.7110833333 0.254745314728
24.8862531108 8.02191666667 0.646120901264
20.1303333333 16.5065 0.892017508587
12.6213333333 7.34233333333 1.15911683877
5.0375 15.49925 0.350871050832
15.54775 22.6259166667 0.557133051384
12.2505 4.89583333333 0.626978588719
16.136 7.63991666667 1.03086909077
0.49275 19.5315 0.275867124796
18.8999166667 21.30475 0.0514356184684
10.4853333333 12.59525 0.566384605414
20.0666666667 24.2039166667 0.792510464749
21.5441666667 3.4805 2.42968738395
9.296 3.5445 0.428871912092
15.7546666667 7.34608333333 0.732725040576
16.2825 1.2675 0.660226321437
1.554 3.38858333333 1.15565458893
22.3381666667 20.2905 1.0655957545
1.55225 9.354 0.653931329654
17.5385833333 11.91875 1.21929245632
12.9361666667 20.54075 1.22118779382
11.2165 25.3822571083 1.021362018
11.9904166667 12.7574166667 0.823597619905
10.6971666667 8.62233333333 1.10017860375
13.0566666667 16.7975833333 1.16624682999
19.69275 3.71283333333 0.484711246552
16.8973333333 7.12325 0.404155739265
8.35516666667 21.92625 0.666433926591
13.9701666667 7.98608333333 0.4065437921
2.69558333333 6.11975 1.66586006659
6.31058333333 18.668 1.19344638215
24.24875 1.31466666667 0.802418429123
8.75308333333 9.40616666667 0.678249994034
7.45175 11.9701666667 0.0758353783653
23.56425 16.24125 1.1336261807
1.0945 10.7020833333 0.763460763445
18.972 23.1770833333 0.656718488279
10.6538333333 6.87008333333 0.461428483384
8.69983333333 20.2075833333 0.572925085544
4.94091666667 14.5508333333 0.503617640549
22.3445 18.3469166667 0.538412888987
22.4954166667 14.6251666667 0.526882430091
3.78916666667 21.7409166667 0.0337177515582
18.9493333333 22.40075 0.646060889212
21.14875 9.396 1.84484735163
18.8108333333 8.71541666667 0.489872228311
7.1195 17.6844166667 0.95187142474
10.0146666667 5.51958333333 1.19160555136
18.1613333333 22.7444166667 0.987343625945
9.67191666667 21.8006666667 1.43974608796
16.9355833333 19.7274166667 0.850504812556
2.73291666667 4.3965 1.60885844737
16.1564166667 23.2525 0.9295688383
12.49475 20.8454166667 0.658351536985
3.142 5.8535 0.73220255934
4.08133333333 10.062 1.16606996321
13.5985 14.1225833333 0.882674293852
0.60175 1.41191666667 0.781474542053
9.48933333333 1.44516666667 0.758824361795
2.8335 14.7490833333 0.281017610011
3.55383333333 17.3013333333 1.08798116964
15.17625 3.96441666667 0.945180905753
22.2495 7.43283333333 2.23073996489
9.58416666667 0.502666666667 0.677751521775
3.63041666667 4.11283333333 0.274872977079
6.491 24.6300833333 0.901903730959
2.28441666667 6.87616666667 1.68562371509
10.2613333333 0.757333333333 0.157461467388
17.0753333333 12.0645833333 1.92590846168
6.97133333333 20.1930833333 1.05935223381
8.39908333333 14.7629166667 0.318417600871
2.95775 19.0234166667 1.55955635548
19.4150833333 7.40641666667 1.3079418728
22.9460833333 23.71225 0.828381410954
16.7416666667 23.9436666667 0.947564682819
24.1924166667 16.14225 1.49521199177
0.924916666667 3.26225 1.0806970848
1.98233333333 13.9825833333 0.816409460443
20.7673333333 19.4019166667 0.951630245217
9.80591666667 23.5869166667 1.04869162684
19.4589166667 10.9530833333 2.2830648795
24.4666666667 2.03516666667 1.25099083111
13.00575 5.19566666667 0.301385356614
19.21125 6.12141666667 0.914272693349
10.8455833333 17.0563333333 0.222124417713
7.11908333333 4.24941666667 0.373644997054
-0.3825 2.91575 0.620168478294
5.69191666667 24.6100833333 0.617928233666
4.27533333333 10.841 0.88721160877
5.068 19.3914166667 0.824401804322
18.0013333333 12.4486666667 1.24060027949
2.9825 11.4109166667 0.236559664714
11.7290833333 2.74433333333 0.870066370529
2.03275 17.073 1.27166409339
9.68775 4.75508333333 0.309195038233
2.80525 9.65916666667 0.924441450433
1.211 18.3789166667 0.712066875613
12.5561666667 13.5921666667 1.40876492011
13.754 17.65 1.82258055197
11.2814166667 16.6694166667 0.654336707465
18.4273333333 3.07641666667 0.98434700317
8.575 18.5560833333 1.06221484223
3.97366666667 7.66625 0.438451512143
22.4470833333 23.89775 1.03166457839
21.5405 10.48975 1.2202179544
9.88116666667 9.90525 0.757049419906
6.57466666667 1.91525 0.629294061244
13.1265 7.004 1.06734390309
17.7779166667 18.6560833333 0.735795436029
11.04025 11.0380833333 0.604893049144
17.69125 5.58433333333 0.93992464514
16.4491666667 9.41283333333 0.755455301213
20.4945833333 8.79108333333 0.863456358874
0.966166666667 11.9465 1.06824257662
25.4865055597 8.37658333333 0.429111283987
16.1433333333 19.7855 0.530101497422
17.26575 8.94175 0.651237734596
21.1589166667 11.32575 1.48174329948
25.3723388583 23.0781666667 0.293192801018
13.8949166667 23.5711666667 0.199754732422
15.8500833333 4.64741666667 1.29855031946
16.5488333333 8.3795 0.594381107821
21.3178333333 24.95008405 0.964285667229
3.39641666667 16.05175 0.148370910561
0.393666666667 2.8405 0.609106348327
11.92025 21.4930833333 1.37624793029
13.3460833333 2.08941666667 0.332488160278
5.43441666667 17.4530833333 0.964088656095
16.3264166667 24.3050833333 0.161984804028
11.09725 21.3073333333 1.30835996553
14.3854166667 14.1429166667 1.1517262279
1.66425 22.3038333333 1.26518722659
19.7628333333 14.5215 0.576448473292
20.5551666667 21.24225 0.622478098287
16.7318333333 2.09308333333 0.759941027295
5.67433333333 18.5755 0.817190431027
12.8805 0.607 0.570449305179
3.74491666667 1.4645 0.34000725776
6.367 6.36341666667 1.00141442933
22.2183333333 22.2365 2.00581562388
21.7285 13.7798333333 0.539737645245
23.4288333333 12.3663333333 0.556389625298
17.29 14.0098333333 1.00255310195
12.81325 22.5214166667 0.562743711155
7.83058333333 0.54525 0.973456176509
2.50933333333 9.21575 1.99002936463
8.94116666667 16.9816666667 0.60412404989
23.3404166667 20.6160833333 0.23884379891
0.664416666667 17.5471666667 0.539490918882
10.9915833333 2.95875 0.100678859254
16.9288333333 4.16675 0.436216406514
10.468 10.85375 0.352702094712
17.05075 7.568 0.149737955111
0.433666666667 18.6709166667 1.60174586229
18.2035 19.36625 0.616883930477
14.947 15.518 1.03807826097
11.4659166667 8.35833333333 0.608117170956
17.08975 12.8915 0.911600517443
0.57975 11.3815 0.759289301867
17.519 23.0434166667 0.251638676424
17.9983333333 10.1578333333 0.644105783898
7.54758333333 10.4810833333 0.41017656766
22.154 22.8181666667 1.3272354586
12.5525833333 12.3105833333 1.04776656675
0.279833333333 9.18083333333 0.0510505614288
23.479 3.74075 0.585049930702
7.18608333333 18.5875833333 1.06077925641
22.55725 21.3828333333 2.44133141293
3.44616666667 3.37366666667 1.24219128277
10.2003333333 12.14275 0.925607424921
24.4600833333 24.45375 1.45509678434
15.4318333333 -0.16925 0.975487199631
12.337 2.41966666667 0.660024833626
10.5125833333 24.45 0.814841408439
4.24675 16.0696666667 0.882641605375
5.76758333333 16.7170833333 1.10011904388
2.17158333333 5.78458333333 0.221529281456
23.9799166667 7.80258333333 0.919158401699
13.5559166667 13.1136666667 1.47199540649
14.4611666667 24.2705 0.534562382351
17.6565833333 6.61458333333 1.28657249873
24.2536666667 12.78675 0.984151975088
23.1065 9.81133333333 0.679732033069
2.05825 23.5986666667 0.0539005550438
20.0516666667 22.24075 1.63012213265
21.141 22.0170833333 0.479034805625
2.94341666667 10.6586666667 0.683472012315
11.422 11.9820833333 0.698025100731
11.5995833333 22.4880833333 0.955730047493
12.0183333333 0.0216666666667 0.981631723701
22.8579166667 18.9818333333 1.19582640535
4.20816666667 9.08233333333 0.478785909202
19.7570833333 11.9965 1.18635734958
3.07733333333 12.5785833333 0.988591269366
7.89141666667 18.9448333333 0.665361916742
11.0985 23.0669166667 1.03588664552
9.15283333333 18.11525 0.967385172889
1.30225 13.2971666667 1.44826673572
13.1918333333 24.3666666667 1.25083984836
6.117 15.0259166667 0.663627663985
20.4699166667 14.1414166667 0.406044786973
12.8476666667 14.3074166667 1.25813783098
4.09008333333 8.62625 1.16697740511
17.7028333333 1.70983333333 0.138496003512
11.9045833333 20.1615833333 0.627089499471
12.9295 2.5705 0.519449274997
14.6844166667 20.6831666667 0.653598626463
12.0405 23.5679166667 0.693342653183
10.802 0.99 0.645158555367
21.61975 5.05675 1.87336745198
10.4873333333 15.8030833333 0.57269608424
0.556333333333 20.0586666667 1.08051531095
21.93875 25.3521728525 1.04806102319
12.5256666667 15.1144166667 1.12003520759
20.0594166667 0.797333333333 1.34799999453
22.6466666667 3.35775 1.3472395116
24.4398333333 14.3264166667 0.752120928192
20.2738333333 15.2886666667 2.2843527458
14.61325 13.1089166667 1.8376675759
21.5205833333 23.9050833333 2.00045449079
24.36925 21.01875 0.885834964684
4.71091666667 19.9773333333 0.729930429043
17.2220833333 25.257254 0.451756200447
13.639 11.6823333333 0.332659558312
22.0136666667 14.6953333333 1.21982974962
13.8841666667 1.75325 0.417005458451
24.7345833333 19.0899166667 0.317840260028
2.01 8.76516666667 0.741659081176
6.71783333333 13.5805833333 1.27699949434
19.5790833333 21.1094166667 1.04246869511
3.23275 14.988 0.185427281561
11.5761666667 0.655 0.368305334707
22.76575 21.6035833333 0.844097096549
7.281 2.38725 1.47373780713
19.06475 15.1354166667 1.21541307042
9.04383333333 20.8565833333 0.339280893541
1.049 14.4826666667 1.20166952101
18.6276666667 6.60625 0.871064769717
19.5145 13.1395 1.1735542277
4.1985 14.0251666667 0.958158008553
18.9859166667 5.76766666667 0.824813497185
12.2718333333 17.94825 1.29446523021
13.39225 22.4620833333 0.326521242503
18.3986666667 2.33083333333 0.203356854106
5.26041666667 12.3129166667 0.258480343654
15.5375833333 18.93025 0.826482261186
8.06158333333 2.88391666667 1.04921848573
23.49775 9.06975 0.977626750761
10.9230833333 23.9129166667 0.552039202136
18.5060833333 1.68391666667 0.284831350106
19.991 19.5509166667 1.10724008971
19.7056666667 0.152083333333 1.29564785407
8.49983333333 17.7473333333 0.841631403621
7.47425 7.66891666667 0.215625253644
2.60891666667 5.0095 0.359530183933
6.8 15.1655833333 1.08602560351
2.22475 1.61016666667 1.83946541922
8.41616666667 12.4121666667 0.173586642831
24.6798333333 23.074 1.28196613607
14.90275 18.1505 0.893396738616
3.65475 6.47183333333 0.0438204084319
20.258 3.51525 0.347152820151
16.2765833333 13.9271666667 1.78994568456
9.65233333333 10.8233333333 0.912907756118
4.85941666667 11.5211666667 0.630317854682
7.09725 6.81025 0.554949210417
15.6391666667 16.26825 0.954675815395
1.09158333333 8.58608333333 1.01253043106
23.4196666667 11.0159166667 0.502417206626
4.45708333333 5.14275 1.1136003061
14.2583333333 1.2955 0.425447100159
17.5013333333 3.7335 0.44404453177
22.1335 2.07166666667 1.83743100622
1.84433333333 14.3438333333 0.312339315293
14.46125 3.03041666667 0.781721878154
15.73425 9.83091666667 0.546997535669
22.2698333333 0.619 0.270381299792
24.33475 6.69983333333 0.543438688582
23.54025 20.9549166667 0.947575624437
5.29808333333 20.2665 0.735610687086
16.61825 17.2556666667 1.18807697752
2.42016666667 12.0185833333 0.90247402036
14.822 16.6380833333 1.09540596625
11.203 9.42583333333 1.01283263069
3.314 8.08475 0.88490660383
23.9718333333 0.366583333333 0.208046744128
18.3855 21.9769166667 0.717926533691
6.48383333333 7.00558333333 0.80933012475
16.7741666667 5.77833333333 0.516564791925
13.3675 16.2544166667 1.18143490875
14.1858333333 11.3359166667 2.03204537784
11.8685 10.2383333333 0.668420273963
13.1203333333 23.5265 0.297593112413
9.80383333333 22.6864166667 0.668756076429
15.1044166667 12.2795 0.984860610132
23.9918333333 22.6733333333 0.98491971197
20.0255 23.0645833333 1.30387580604
22.4705833333 4.66833333333 1.81894451642
10.4693333333 23.3505 0.621436974071
9.70358333333 11.97025 0.614836033884
10.346 3.11608333333 0.218851802377
5.56433333333 23.2040833333 0.555841815021
9.11566666667 16.957 0.739954854708
2.6255 11.6295833333 0.523307384166
24.2321666667 -0.150833333333 2.23648366045
25.0820023333 11.7670833333 0.0827879763111
19.65325 18.08325 1.14012642068
21.7508333333 24.4415 2.28957558613
8.92558333333 7.36358333333 0.514257696524
5.04491666667 3.53575 0.661443420056
13.7559166667 4.706 0.282933350421
9.22541666667 16.2690833333 0.396234857699
17.5904166667 17.8579166667 0.895307832575
17.71125 13.3336666667 0.888148970276
8.61425 19.22025 0.138952990902
7.89866666667 17.7303333333 1.24881980248
8.8165 8.36525 1.00030786738
1.48166666667 4.90658333333 0.997430941823
3.4545 19.6965 0.813558947917
22.7851666667 7.044 1.38415196611
12.3548333333 11.1768333333 0.73502866932
24.2809166667 4.08641666667 1.53481733195
6.76508333333 5.518 0.345378070471
11.4785833333 6.63541666667 0.38517931722
12.3945 6.23483333333 0.585409524714
19.42375 24.38125 1.17182465183
23.0018333333 22.6131666667 1.70270497797
24.5000833333 8.71575 0.88354933466
0.930583333333 0.985416666667 1.60812643884
5.53591666667 0.829666666667 1.10784955021
24.2323333333 16.9513333333 1.54439823702
0.236416666667 10.4719166667 0.38856393439
3.65116666667 11.8910833333 0.853169046556
4.29966666667 6.03066666667 0.656770774643
1.01208333333 4.30783333333 1.20370387906
1.15908333333 5.45366666667 1.47401844616
12.0815 22.94 0.60809280005
18.106 11.1613333333 1.25270741873
2.5535 8.5745 0.446107155224
17.4793333333 17.2465833333 0.93348706074
5.15391666667 2.686 0.714562432324
2.55275 0.999166666667 2.15231047434
12.9431666667 10.5654166667 1.19713248956
6.7045 9.55783333333 1.64333321893
20.5985 16.7853333333 0.922665813538
12.4415 18.4961666667 0.953883004451
15.0894166667 11.3281666667 0.449447289349
21.4414166667 12.6298333333 1.00685704357
17.9063333333 3.64866666667 0.436500656122
10.1250833333 11.427 0.455010450869
21.92625 9.53566666667 1.3137640864
14.9670833333 17.6128333333 0.777556293961
16.4366666667 20.5315 0.702280864052
15.8099166667 17.78875 0.929567014536
23.1799166667 14.6066666667 0.98249805202
7.67125 22.177 0.401913285915
8.62116666667 20.474 0.392678176958
6.637 8.10283333333 0.239346746533
16.3470833333 12.4865 1.4735560074
0.781333333333 21.94175 0.789491488095
5.519 9.861 0.775493137907
6.77816666667 22.0314166667 0.293852258234
12.6560833333 22.0614166667 0.662511279411
14.7195833333 5.41691666667 2.10581217788
1.31133333333 1.73158333333 0.6681619945
15.8891666667 10.6989166667 1.24553652164
25.4075069583 14.3341666667 0.683188449214
14.04525 20.4326666667 0.324683042024
6.28808333333 16.0265833333 0.158953514617
19.1095 9.42316666667 0.498595464993
1.48966666667 15.8411666667 0.765502066102
0.34225 7.4605 0.799601142584
8.89566666667 21.50725 0.491349844957
2.99958333333 16.98025 1.16903914618
8.93983333333 22.4565833333 0.0916404157147
22.2653333333 8.02266666667 0.754489023227
4.49583333333 21.6685833333 0.9646862157
22.87875 11.4636666667 0.405622907117
21.4128333333 6.70675 0.316223453317
7.74566666667 20.6706666667 0.0949653708121
2.986 23.6735833333 0.656795373809
17.7095833333 24.46375 0.35268941611
10.0679166667 2.57875 0.104743514179
8.22741666667 23.44575 0.938334370781
20.6313333333 22.4415 0.69059942386
22.0779166667 4.161 1.41347301934
21.4756666667 18.6629166667 1.44360660964
18.8000833333 11.9864166667 2.06061260634
15.9759166667 6.44366666667 0.899132787513
2.06275 10.23125 0.355310523584
11.3163333333 24.6109166667 0.999287718341
13.7569166667 13.6879166667 2.14289042652
19.8260833333 1.78341666667 0.633189232853
25.012 20.7779166667 0.21407949231
17.571 15.1023333333 0.922915826975
15.9430833333 2.52475 0.411622665398
18.7446666667 12.68575 0.560059097204
4.9755 8.97208333333 0.442728287786
24.1269166667 2.45083333333 0.76941612474
-0.034 22.3139166667 1.29794659155
15.0820833333 23.2935833333 0.621985261135
4.83708333333 10.6488333333 0.884983572688
6.40258333333 1.03358333333 0.810403530842
20.2550833333 1.357 0.855830863905
11.9953333333 5.54383333333 0.808710218163
10.2181666667 16.16325 0.59738062597
16.85975 9.6075 0.505203600566
2.36275 24.1925 0.603273876573
13.8498333333 18.28675 0.25333736743
8.42825 0.774666666667 0.650269015422
17.0651666667 1.19416666667 0.230007739522
19.7684166667 4.562 0.166095757605
7.7785 17.1173333333 0.842859083107
11.6705833333 21.8830833333 1.61830882208
19.0043333333 20.3711666667 0.460830207946
3.66766666667 7.11758333333 1.06422794823
18.3680833333 0.558333333333 0.648828862026
11.3775833333 2.03233333333 0.289884209374
0.600833333333 13.6220833333 1.02323374683
11.3041666667 17.7615833333 0.980932253688
2.70158333333 16.465 0.953917422026
15.4160833333 15.44475 1.77054732561
4.31008333333 1.78425 0.828062768653
12.1405 16.2745 0.71084366371
2.25908333333 1.01183333333 1.27407415216
9.34116666667 10.3035 0.583460995119
9.12583333333 2.21525 0.485881935077
4.89316666667 24.7159166667 1.30795604573
11.2991666667 20.0135 1.44592737257
1.78516666667 9.79508333333 1.29870066746
22.8855 8.17491666667 1.18568889342
13.8560833333 7.47458333333 1.4413708791
25.0304197167 13.5109166667 0.372244366156
20.2048333333 13.6585833333 1.15922489861
24.1655 13.807 0.0725271352476
6.12575 13.1865833333 0.210522131035
3.26825 9.17908333333 0.252370070703
14.0886666667 22.3469166667 0.235271207864
14.1676666667 10.61675 0.425358998928
10.1291666667 1.65741666667 0.510368512984
24.25475 15.3675833333 1.57412032835
23.1898333333 5.01791666667 1.07293382124
11.6815 16.0995833333 0.52851979734
21.5403333333 8.30525 2.0769369431
25.3369221975 9.99883333333 0.35031188125
3.95433333333 2.70991666667 0.277423343266
12.2573333333 6.82425 1.1497738701
20.44625 18.8924166667 1.28121445558
7.19016666667 16.8905833333 0.497130672393
8.51758333333 15.9024166667 0.281362704401
3.9105 24.5689166667 0.503273187742
0.39775 4.83325 0.77724029952
12.2845 19.68175 0.643145669142
23.3195 18.6416666667 0.901743581516
3.53108333333 23.73925 1.52244618305
20.3584166667 20.4298333333 0.940872580005
9.93825 3.893 0.579563711542
16.6735833333 15.0695833333 0.731856046343
0.37725 16.2038333333 0.638451772802
5.79366666667 1.80991666667 0.379477802429
10.4934166667 22.026 0.730094467109
13.17375 3.31616666667 0.341367913805
9.85183333333 18.0053333333 0.954095761922
24.222 4.60108333333 0.634694956819
10.8258333333 15.3353333333 0.509923246539
23.9658333333 3.28441666667 0.887541680639
21.2955 19.2509166667 0.848812461987
4.19608333333 21.1315 0.637407134197
4.14833333333 23.2036666667 1.13238452946
15.6394166667 12.6960833333 1.09320317737
12.3661666667 9.88175 1.24844803134
16.7836666667 13.57725 1.03387934261
14.3756666667 0.81375 0.683478501235
5.05333333333 4.77958333333 1.47824513465
25.1505865833 12.9894166667 1.50720640015
2.84 21.33525 1.26732628136
9.85525 6.20466666667 0.521267978761
16.90375 21.8985833333 0.318535505718
18.2316666667 15.48525 0.625433463743
19.159 15.866 1.24549196128
22.54275 19.5958333333 1.49728049078
20.1394166667 12.5925833333 0.876729358104
19.0161666667 4.50583333333 0.653475235597
16.1169166667 16.59125 0.596351521988
15.061 6.79375 0.723220936767
21.4483333333 15.0948333333 1.02346201094
6.29475 23.3511666667 0.607977984422
18.5269166667 17.9273333333 2.08826821187
21.8565 12.4134166667 0.373696041163
25.5468405833 6.21391666667 0.905717307361
6.0555 20.5183333333 0.370267594703
23.7566666667 11.446 0.118136952364
1.54466666667 6.19141666667 0.968660989151
16.9208333333 5.015 1.39144874911
18.0448333333 9.07991666667 0.686026329599
23.2898333333 2.57183333333 0.940709617976
21.478 20.386 0.488805220382
7.9075 4.23916666667 0.826166172068
25.5230061667 2.20391666667 0.559711063924
6.54525 3.48616666667 0.642162755572
15.4775833333 13.4575833333 0.996047826447
4.50575 0.355166666667 1.12486381384
10.0981666667 19.53725 0.107768424659
4.19191666667 18.87 0.38199007277
19.8643333333 9.36241666667 1.10256812829
7.6185 5.98 0.771708659074
-0.237333333333 17.54925 0.202374523175
5.7015 10.58475 0.690394605379
8.23308333333 25.022503225 0.397961472029
3.91483333333 15.3095833333 0.468496684445
4.37691666667 23.811 1.27112490945
1.63191666667 4.54125 0.498378940837
15.8848333333 0.525416666667 0.504215688654
14.3719166667 11.706 0.712847558115
9.458 9.34058333333 1.32920259685
14.40175 19.5859166667 0.652118969314
7.84966666667 22.7915 0.454722883942
18.611 11.1056666667 1.28259857249
4.24825 4.08133333333 1.23574920398
11.0830833333 4.61558333333 1.56391206783
22.7951666667 0.779916666667 1.89834810524
24.508 11.14625 0.238233300248
17.7260833333 7.71191666667 1.92638424539
11.94825 9.09233333333 0.763221580732
15.38125 2.06825 0.574287972324
9.21708333333 1.04491666667 0.588707569753
6.88533333333 3.427 1.39860295085
