0.01 0.0
0.03 0.0
0.05 0.473886875988
0.07 0.0
0.09 0.0
0.11 0.430806250898
0.13 0.182264183072
0.15 0.0
0.17 0.418135478813
0.19 0.374121217885
0.21 0.451320834274
0.23 0.0
0.25 0.0947773751976
0.27 0.438784144434
0.29 0.326818535164
0.31 0.229300101285
0.33 0.359005209082
0.35000000000000003 0.473886875988
0.37 0.576348903229
0.39 0.850566187671
0.41000000000000003 0.751284071689
0.43 0.826546876724
0.45 1.21104423864
0.47000000000000003 1.15951044125
0.49 1.11218348446
0.51 1.81192040819
0.53 1.52001450789
0.55 1.2924187527
0.5700000000000001 1.3302087747
0.59 1.36543676132
0.61 0.815706917685
0.63 1.24113229425
0.65 1.49456630119
0.67 1.06094076714
0.6900000000000001 1.13320774693
0.71 1.33489260842
0.73 1.75273228105
0.75 1.39006816957
0.77 1.26164687763
0.79 1.22970645035
0.81 1.3456047096
0.8300000000000001 1.54155971707
0.85 1.39378492938
0.87 1.11662999514
0.89 0.878554320652
0.91 1.22377380063
0.93 1.0445893503
0.9500000000000001 0.997656581028
0.97 1.19693076925
0.99 0.909479863008
1.01 0.703792390081
1.03 0.966177125801
1.05 1.08317000226
1.07 1.01863534091
1.09 1.06515857447
1.11 1.30212159618
1.1300000000000001 1.06939073785
1.1500000000000001 0.865358643109
1.17 1.13408825023
1.19 1.23449522316
1.21 0.744119887915
1.23 1.25214011948
1.25 0.644486151344
1.27 1.06344692643
1.29 1.01022396044
1.31 1.08523712058
1.33 1.06891776539
1.35 1.00042784931
1.37 0.968527921728
1.3900000000000001 1.10800888271
1.41 0.974660950614
1.43 1.02730721368
1.45 0.898750971702
1.47 0.967116073445
1.49 1.00184138212
1.51 1.11410490712
1.53 1.1150279435
1.55 1.05478046591
1.57 1.10171152698
1.59 1.16236403544
1.61 1.22150964929
1.6300000000000001 1.33734946598
1.6500000000000001 1.01957479379
1.67 0.9931760874
1.69 0.981422524236
1.71 1.23321438488
1.73 1.1093883513
1.75 1.02901150215
1.77 0.92367780913
1.79 0.953068577406
1.81 0.942537432905
1.83 1.11350468128
1.85 0.909350491761
1.87 1.06434485516
1.8900000000000001 0.91517835839
1.9100000000000001 1.05446032615
1.93 0.883934069201
1.95 0.874868078747
1.97 0.878013755004
1.99 1.13113701555
2.0100000000000002 1.07272899788
2.0300000000000002 0.910423062243
2.05 0.901540886026
2.07 1.01874231795
2.09 1.03166760084
2.11 1.05557740149
2.13 1.268147978
2.15 1.1020625023
2.17 1.15741955887
2.19 0.941282150935
2.21 1.03997798577
2.23 0.871271834777
2.25 1.03202030771
2.27 1.17949817151
2.29 0.910525001899
2.31 0.984700002053
2.33 1.00675538032
2.35 0.978021850444
2.37 1.12973031617
2.39 1.03105094357
2.41 1.22895974063
2.43 1.07258346417
2.45 1.02514303785
2.47 1.10317795017
2.49 1.08480128238
2.5100000000000002 0.943997760933
2.5300000000000002 1.08638098053
2.5500000000000003 1.00352514915
2.57 1.06947232713
2.59 1.02462027241
2.61 1.11662999514
2.63 1.18922181807
2.65 0.876243657488
2.67 1.04716575593
2.69 0.916063849494
2.71 1.09291253687
2.73 1.04150961756
2.75 1.17179300244
2.77 1.01791585275
2.79 1.09554492836
2.81 0.978129494922
2.83 1.08006019439
2.85 1.03922560524
2.87 0.94942492576
2.89 0.918258306413
2.91 0.993371114614
2.93 0.96233000414
2.95 1.02809356147
2.97 0.973303011289
2.99 0.824151088675
3.0100000000000002 1.14142187738
3.0300000000000002 1.04004875423
3.0500000000000003 1.07984058627
3.0700000000000003 1.15770409443
3.09 1.01985363279
3.11 0.990438808335
3.13 1.08252113844
3.15 1.1433461135
3.17 1.15855624256
3.19 0.965600217531
3.21 1.10721232708
3.23 0.931635189636
3.25 0.904030348039
3.27 1.04342064438
3.29 0.993866092498
3.31 0.966385623239
3.33 0.989043179615
3.35 1.05386782869
3.37 1.0054276449
3.39 0.922611616968
3.41 1.13260353059
3.43 0.967116073445
3.45 0.947773751976
3.47 1.09253458441
3.49 1.02517074891
3.5100000000000002 1.13408825023
3.5300000000000002 1.04711547669
3.5500000000000003 0.961122678061
3.5700000000000003 0.988923592748
3.59 1.02961493947
3.61 0.971402460474
3.63 1.04437879006
3.65 1.05813096967
3.67 1.10401438411
3.69 1.08518810355
3.71 1.07933803291
3.73 1.16883626249
3.75 1.02991414381
3.77 1.03702035196
3.79 1.0377997548
3.81 0.926629193205
3.83 1.05170716603
3.85 0.935465001951
3.87 1.07144965501
3.89 1.17558055354
3.91 1.14532761588
3.93 1.02494616944
3.95 1.02575513663
3.97 1.06833439297
3.99 1.06891776539
4.01 1.09313057429
4.03 1.05830815978
4.05 0.906820565163
4.07 0.966403211475
4.09 1.01960990433
4.11 0.980058016034
4.13 0.935152067628
4.15 1.00486855631
4.17 0.914817590337
4.19 1.06879020957
4.21 0.911753846913
4.23 0.924247453168
4.25 0.997950009434
4.2700000000000005 1.09870727688
4.29 1.02730721368
4.3100000000000005 0.852116772369
4.33 1.09989910016
4.3500000000000005 1.02947838577
4.37 1.00307862766
4.39 0.949932689908
4.41 1.11218348446
4.43 0.839731823139
4.45 1.03296689822
4.47 1.08665335098
4.49 1.06070447743
4.51 1.02447827958
4.53 1.02518573613
4.55 1.08317000226
4.57 1.04732110448
4.59 0.918865620108
4.61 0.986836010735
4.63 0.967220513626
4.65 1.15669162204
4.67 1.00459958721
4.69 1.08620126159
4.71 1.10674217322
4.73 1.11208125232
4.75 1.03756284427
4.7700000000000005 1.13255982941
4.79 1.09320458866
4.8100000000000005 1.0147681544
4.83 1.0252831996
4.8500000000000005 1.01128436422
4.87 0.943881457307
4.89 1.06115772844
4.91 0.98444931468
4.93 1.22076335194
4.95 0.909479863008
4.97 1.04407671873
4.99 0.973414925627
5.01 1.05465841662
5.03 1.03162252327
5.05 1.1307597734
5.07 0.958055321278
5.09 1.01480686607
5.11 1.020108735
5.13 0.997656581028
5.15 0.984580499626
5.17 0.930358180132
5.19 0.963296058126
5.21 0.91866745633
5.23 0.969519994852
5.25 1.05157754386
5.2700000000000005 0.984641611399
5.29 1.07050059888
5.3100000000000005 1.04415752336
5.33 1.00467574084
5.3500000000000005 1.11164117638
5.37 0.975130350032
5.39 1.01547187712
5.41 1.10369216958
5.43 1.0079914213
5.45 1.02168271429
5.47 1.07859078721
5.49 0.927920567736
5.51 1.07506097094
5.53 0.92549335636
5.55 1.04169727695
5.57 1.01668728331
5.59 1.1020625023
5.61 1.0263325389
5.63 1.00164366328
5.65 0.951967441144
5.67 0.969504014367
5.69 1.00773834788
5.71 0.908767301589
5.73 1.04619004908
5.75 1.00546432818
5.7700000000000005 1.07589568032
5.79 0.879841781843
5.8100000000000005 1.06033208052
5.83 1.0363735281
5.8500000000000005 0.931572491259
5.87 1.18269893241
5.89 0.913177596344
5.91 1.05441834505
5.93 1.09481453643
5.95 1.07122327429
5.97 1.07954129203
5.99 1.0442916132
6.01 1.02110400067
6.03 1.00592902366
6.05 1.01435289984
6.07 0.971975552892
6.09 0.992127696034
6.11 0.965612374149
6.13 1.00111501534
6.15 0.963184707293
6.17 0.933180801176
6.19 1.10624642294
6.21 1.02637334654
6.23 1.06111106261
6.25 0.955355941992
6.2700000000000005 0.925855539211
6.29 0.994484382042
6.3100000000000005 0.912476314304
6.33 1.05183421922
6.3500000000000005 0.973893501047
6.37 1.067547358
6.390000000000001 1.02712570148
6.41 1.06088559601
6.43 1.03547598875
6.45 0.907364793559
6.47 0.845964979546
6.49 0.949234112149
6.51 0.909921036844
6.53 1.01961877605
6.55 1.0490625499
6.57 1.10717862198
6.59 1.03909944735
6.61 1.10047860006
6.63 1.03997798577
6.65 0.929958455887
6.67 1.01242698393
6.69 1.00940029639
6.71 0.9887356578
6.73 1.05621146208
6.75 0.989897029842
6.7700000000000005 1.07447024319
6.79 0.970107154085
6.8100000000000005 0.984654815746
6.83 1.04421632264
6.8500000000000005 1.04808557244
6.87 0.951912501985
6.890000000000001 1.03856194883
6.91 0.949831147965
6.93 0.953928126989
6.95 0.930727461473
6.97 1.0606363365
6.99 1.13895558177
7.01 1.04782404819
7.03 1.07854765517
7.05 0.927608352998
7.07 0.971903776779
7.09 0.952452465844
7.11 0.999761341747
7.13 0.957078683623
7.15 1.06044615606
7.17 0.961653283909
7.19 0.995228348737
7.21 0.946459225275
7.23 1.06182121591
7.25 0.947773751976
7.2700000000000005 0.863686534641
7.29 1.12458751092
7.3100000000000005 1.1117865832
7.33 0.985917443222
7.3500000000000005 1.02191931761
7.37 1.10595037544
7.390000000000001 0.981118971938
7.41 1.07439939495
7.43 1.01729416851
7.45 0.912788814823
7.47 1.02770647805
7.49 1.02496226849
7.51 0.905496227754
7.53 1.1139173579
7.55 0.910113867792
7.57 0.998480273714
7.59 0.958387819028
7.61 0.915392519977
7.63 0.888149715155
7.65 0.978746750407
7.67 1.0101760655
7.69 1.05068546627
7.71 0.943471277097
7.73 1.0299223178
7.75 0.993633772233
7.7700000000000005 1.0307192026
7.79 1.02807294021
7.8100000000000005 1.01027099683
7.83 1.07729072702
7.8500000000000005 0.923626650015
7.87 0.999558086582
7.890000000000001 1.00603360872
7.91 1.02445835391
7.930000000000001 0.929248539926
7.95 1.00440174345
7.97 1.06134011749
7.99 0.978614950414
8.01 1.00575242095
8.03 1.00029670585
8.05 0.997811496646
8.07 1.01295521819
8.09 0.998735628628
8.11 1.03425372441
8.13 0.955934165585
8.15 0.93033006329
8.17 1.00345690999
8.19 1.02415112393
8.21 0.868696404826
8.23 0.96447207446
8.25 1.02819091881
8.27 1.03143455475
8.290000000000001 0.968924312183
8.31 1.00365932821
8.33 1.09796118926
8.35 0.956286689868
8.370000000000001 1.0389276194
8.39 0.965848102431
8.41 0.972003401997
8.43 1.00623666432
8.45 0.989834717301
8.47 0.939940911051
8.49 1.06610592831
8.51 1.03297315506
8.53 1.04721777402
8.55 1.12236365366
8.57 1.05615394765
8.59 0.998527643235
8.61 0.982448401439
8.63 0.960952529524
8.65 1.09295296832
8.67 0.97838236219
8.69 0.978857240965
8.71 1.06366112808
8.73 0.982514599701
8.75 1.07233830224
8.77 0.988840345563
8.790000000000001 0.997372833422
8.81 1.00586658127
8.83 0.957970638323
8.85 1.06289881224
8.870000000000001 1.01241897407
8.89 0.964831547288
8.91 0.944050734993
8.93 1.07991018212
8.950000000000001 1.03778578429
8.97 1.04075490044
8.99 0.940921105271
9.01 0.970389884793
9.03 0.98923229373
9.05 1.04202749527
9.07 0.893436116802
9.09 0.899290276215
9.11 0.886912320044
9.13 0.871993375312
9.15 1.03581830817
9.17 1.06456593733
9.19 1.04162294831
9.21 0.972471439324
9.23 1.01657206333
9.25 0.978512360149
9.27 0.989181343082
9.290000000000001 1.02530960251
9.31 0.944210692758
9.33 1.00313674178
9.35 0.962978678479
9.370000000000001 1.05954429583
9.39 1.0320539525
9.41 1.01223445349
9.43 1.01260027054
9.450000000000001 0.925207710263
9.47 0.940768032585
9.49 1.02866908802
9.51 1.07633612212
9.53 1.02186519429
9.55 0.932887253254
9.57 1.02006997339
9.59 1.0673573015
9.61 0.993633772233
9.63 1.06292383399
9.65 0.972327476121
9.67 0.975217045725
9.69 0.951197083382
9.71 1.06880768117
9.73 0.966768189966
9.75 1.00366810145
9.77 1.00161350964
9.790000000000001 1.02134965101
9.81 0.999944784195
9.83 1.07504347249
9.85 0.979045474757
9.870000000000001 1.034677019
9.89 1.05175095328
9.91 0.95638118262
9.93 0.942524249825
9.950000000000001 1.01206996128
9.97 0.941119372574
9.99 0.948722474451
10.01 1.01783894443
10.03 1.04888221804
10.05 1.03264901335
10.07 1.00471547193
10.09 1.01446546297
10.11 1.07339361623
10.13 0.914559568171
10.15 0.95711142441
10.17 0.922611616968
10.19 0.94637859925
10.21 0.977014568027
10.23 1.04690551294
10.25 0.980136758141
10.27 0.959770888077
10.290000000000001 0.953300129539
10.31 1.04567666622
10.33 1.0184209726
10.35 1.00271715789
10.370000000000001 0.943660943988
10.39 1.01025931695
10.41 0.953691647642
10.43 1.08589610126
10.450000000000001 1.03393500216
10.47 1.00932925831
10.49 1.05709751174
10.51 0.915309570177
10.53 0.994577394049
10.55 0.970232845625
10.57 0.930288805748
10.59 0.968805558559
10.61 0.953580094472
10.63 0.94064092976
10.65 0.94999857299
10.67 0.972645040688
10.69 0.917629404392
10.71 1.01989659118
10.73 0.976039138801
10.75 0.985243877055
10.77 1.01421471602
10.790000000000001 0.964023811672
10.81 1.10032937903
10.83 1.05235266551
10.85 0.98489853028
10.870000000000001 0.928591578523
10.89 0.987808272262
10.91 1.00771544665
10.93 0.962514972272
10.950000000000001 0.958593087045
10.97 0.902847375401
10.99 0.974508043433
11.01 1.01577931638
11.03 0.960233153068
11.05 0.994948011125
11.07 1.04880112572
11.09 1.02127108531
11.11 0.946920670291
11.13 0.975023311782
11.15 1.01577545615
11.17 1.00759295476
11.19 0.95285564877
11.21 0.999770260225
11.23 1.01275912945
11.25 0.954092243656
11.27 0.994447614651
11.290000000000001 1.01577169167
11.31 1.01607044586
11.33 1.05401140996
11.35 1.00622675871
11.370000000000001 1.05030336631
11.39 1.03389717896
11.41 0.940713211318
11.43 1.02198700727
11.450000000000001 0.914663751907
11.47 0.917200405138
11.49 0.940349936687
11.51 0.961360430437
11.53 1.01312328648
11.55 0.947773751976
11.57 0.899033442346
11.59 1.02218911991
11.61 1.09593993284
11.63 0.994225260027
11.65 0.994552284799
11.67 1.02533364342
11.69 0.976960967606
11.71 1.00564379746
11.73 1.10896800903
11.75 1.07279922564
11.77 0.972333734504
11.790000000000001 0.916422457382
11.81 0.961015298892
11.83 0.983425427347
11.85 0.991763251013
11.870000000000001 0.922222985285
11.89 0.978462809547
11.91 0.972840815946
11.93 1.00695995862
11.950000000000001 0.953722122805
11.97 0.934313306042
11.99 0.952516573087
12.01 0.976577866837
12.030000000000001 0.927683784665
12.05 0.959571765486
12.07 0.995280224217
12.09 1.01715173134
12.11 1.05460374136
12.13 1.00403072654
12.15 1.00042784931
12.17 0.979314291792
12.19 0.979651294086
12.21 1.01685799762
12.23 0.964822830099
12.25 1.02514303785
12.27 1.00995450751
12.290000000000001 0.963968421457
12.31 0.954703048295
12.33 1.00311820465
12.35 0.966959455458
12.370000000000001 0.978804339652
12.39 1.00399761862
12.41 0.950828623054
12.43 0.968360953347
12.450000000000001 1.03341595848
12.47 1.02035786851
12.49 1.09840072537
12.51 0.988684849184
12.530000000000001 0.92092142301
12.55 0.943997760933
12.57 0.942495775633
12.59 1.01063245594
