0.01 0.0
0.03 0.0
0.05 0.0
0.07 0.337452562545
0.09 0.524926208404
0.11 0.0
0.13 0.181705225986
0.15 0.0
0.17 0.277902110331
0.19 0.248649256612
0.21 0.337452562545
0.23 0.410811815273
0.25 0.377946870051
0.27 0.174975402801
0.29 0.488724400928
0.31 0.533392760152
0.33 0.357904233003
0.35000000000000003 0.607414612582
0.37 0.446896636884
0.39 0.90852612993
0.41000000000000003 0.979435486412
0.43 0.988814485598
0.45 0.839881933446
0.47000000000000003 1.60828455341
0.49 1.15698021444
0.51 1.52846160682
0.53 1.55992222309
0.55 1.33140374677
0.5700000000000001 1.24324628306
0.59 1.08099210714
0.61 0.813205355642
0.63 0.899873500121
0.65 1.81705225986
0.67 1.19871208785
0.6900000000000001 0.958560902303
0.71 1.59695860585
0.73 1.06782934175
0.75 1.82674320525
0.77 1.34981025018
0.79 1.31563783878
0.81 1.16650268534
0.8300000000000001 1.50837229764
0.85 1.52846160682
0.87 1.27611371353
0.89 1.03510729859
0.91 1.1681050242
0.93 0.838188623097
0.9500000000000001 0.944867175127
0.97 0.974089871265
0.99 1.07371269901
1.01 0.818573047759
1.03 0.986147779866
1.05 1.32731341268
1.07 0.905129770566
1.09 1.01854947777
1.11 1.06403961163
1.1300000000000001 1.04520705213
1.1500000000000001 1.02702953818
1.17 1.11042082547
1.19 1.25055949649
1.21 1.05419064994
1.23 1.34432321664
1.25 0.755893740102
1.27 1.04158586234
1.29 0.75076655388
1.31 1.17206806075
1.33 1.01235768764
1.35 0.944867175127
1.37 0.844862985059
1.3900000000000001 1.10461090617
1.41 0.954918953586
1.43 0.925044786838
1.45 1.1403569355
1.47 0.964150178701
1.49 1.04632942212
1.51 1.17326222077
1.53 1.21968148423
1.55 1.12774469289
1.57 0.947876306258
1.59 0.906240529603
1.61 1.14440434255
1.6300000000000001 1.2897726777
1.6500000000000001 0.987815683087
1.67 1.10328801886
1.69 0.950458105157
1.71 1.10510780717
1.73 1.02406124472
1.75 1.10684440515
1.77 1.17441117812
1.79 1.29325395478
1.81 0.952697566081
1.83 1.071365786
1.85 1.07255192852
1.87 1.21266375417
1.8900000000000001 0.937368229293
1.9100000000000001 0.964654969371
1.93 0.930180120591
1.95 1.02966294725
1.97 1.06717231709
1.99 1.13953830166
2.0100000000000002 1.09294337421
2.0300000000000002 0.861085849254
2.05 1.20989089498
2.07 1.16396680994
2.09 1.0398059822
2.11 0.962779349063
2.13 0.998099128655
2.15 1.08769593416
2.17 0.957929854967
2.19 1.05704318679
2.21 0.92990321534
2.23 0.889785232182
2.25 0.934368650959
2.27 1.23831711278
2.29 1.18624154083
2.31 1.02258352286
2.33 1.04422016135
2.35 1.06548851663
2.37 1.13623267895
2.39 1.03777252498
2.41 1.10757251856
2.43 0.942923003985
2.45 0.964150178701
2.47 1.01372389234
2.49 1.19531389625
2.5100000000000002 0.988157902274
2.5300000000000002 1.23243544582
2.5500000000000003 0.870759945705
2.57 1.18567962638
2.59 1.10356108292
2.61 1.05890286868
2.63 1.14964827392
2.65 1.17662704827
2.67 1.14127214973
2.69 1.036192627
2.71 0.967530040951
2.73 1.0729260963
2.75 0.936277473535
2.77 1.05743257866
2.79 0.914387588833
2.81 0.865848034147
2.83 1.16856364415
2.85 1.09405672909
2.87 0.897129983352
2.89 1.02169893504
2.91 1.15267301433
2.93 0.935192767191
2.95 1.03294801349
2.97 1.09757298121
2.99 1.01912931096
3.0100000000000002 1.03590088967
3.0300000000000002 1.10702259792
3.0500000000000003 1.08427380752
3.0700000000000003 0.961794762955
3.09 0.932635884834
3.11 0.9798059935
3.13 1.10184191349
3.15 0.96736401263
3.17 0.983615671268
3.19 1.08852252934
3.21 0.993435114035
3.23 1.12623486819
3.25 0.893989711851
3.27 1.09801078455
3.29 1.09851578871
3.31 1.14183344426
3.33 0.993103637521
3.35 1.14230210724
3.37 0.86916565071
3.39 0.933718299904
3.41 1.08063987771
3.43 0.977923752682
3.45 0.86955167566
3.47 0.987073057589
3.49 0.94757453093
3.5100000000000002 1.04312259362
3.5300000000000002 0.983678999601
3.5500000000000003 0.951521169318
3.5700000000000003 1.10499172441
3.59 0.914599842219
3.61 1.02077063241
3.63 0.989117153026
3.65 1.06135764877
3.67 1.11350150747
3.69 1.1202693472
3.71 1.08876204142
3.73 1.12725440464
3.75 1.10864415215
3.77 1.05890286868
3.79 1.05331499074
3.81 0.954787040483
3.83 0.888125804297
3.85 1.0062221865
3.87 0.952191726872
3.89 1.20233740794
3.91 0.97265738616
3.93 1.32233319674
3.95 1.00466889507
3.97 0.981757455264
3.99 1.11892165476
4.01 1.03676198767
4.03 1.09023135592
4.05 1.04401990338
4.07 1.12594737085
4.09 1.0569113267
4.11 1.04602083864
4.13 0.938003733177
4.15 1.05870659382
4.17 0.979988137272
4.19 1.07115013887
4.21 1.09411579068
4.23 0.882322775828
4.25 1.00044759719
4.2700000000000005 1.05108175219
4.29 0.9856131955
4.3100000000000005 1.01940426087
4.33 1.05288316859
4.3500000000000005 1.04804232643
4.37 0.924326584363
4.39 1.09768168409
4.41 1.03913963704
4.43 0.837156582929
4.45 1.06164851138
4.47 0.935355089471
4.49 0.973276321818
4.51 0.906108765504
4.53 1.03768525304
4.55 1.07984820015
4.57 1.0337715264
4.59 0.905755026266
4.61 1.00942968276
4.63 1.00506929536
4.65 1.10234503765
4.67 0.996460564775
4.69 0.916662184825
4.71 1.22872854515
4.73 1.17359295008
4.75 0.949840160259
4.7700000000000005 1.0845173551
4.79 0.99122287161
4.8100000000000005 1.06076564359
4.83 0.983013986545
4.8500000000000005 1.07149885839
4.87 1.09135068996
4.89 1.06756465083
4.91 0.923699071407
4.93 1.07327711576
4.95 1.04985241681
4.97 1.07414477655
4.99 1.07457339055
5.01 0.966555743019
5.03 1.00497800933
5.05 1.11793690522
5.07 1.03432205561
5.09 0.900315481211
5.11 1.03084823901
5.13 1.04985241681
5.15 0.940280441267
5.17 0.996039865463
5.19 1.02406124472
5.21 1.02919793068
5.23 0.989129595377
5.25 1.04385326014
5.2700000000000005 0.918869880935
5.29 1.08507903382
5.3100000000000005 1.04540388962
5.33 0.815457599547
5.3500000000000005 1.00226564838
5.37 0.994133992452
5.39 1.10877270551
5.41 1.02608034267
5.43 0.948347348884
5.45 0.927530162739
5.47 1.09255665131
5.49 1.01973369993
5.51 1.17036632854
5.53 0.926926659144
5.55 1.05127113629
5.57 1.05173725059
5.59 1.16206830572
5.61 0.976868024196
5.63 0.973397800308
5.65 1.00757959825
5.67 1.02068984967
5.69 0.938224875126
5.71 0.980444485574
5.73 0.981144797907
5.75 1.0516782471
5.7700000000000005 1.10534721527
5.79 0.966897756931
5.8100000000000005 1.01235768764
5.83 1.11423015935
5.8500000000000005 1.01351137161
5.87 1.13078226666
5.89 0.922408532594
5.91 1.04718781677
5.93 1.01975546725
5.95 1.05999804941
5.97 1.09601426931
5.99 1.06080663652
6.01 1.12016283241
6.03 1.01067881917
6.05 1.02295537142
6.07 0.976777845786
6.09 0.992963862202
6.11 1.04383853226
6.13 1.08282086546
6.15 1.06009487941
6.17 0.9686037087
6.19 1.01126737241
6.21 0.94714946299
6.23 1.02373249312
6.25 0.922190362924
6.2700000000000005 0.979527374534
6.29 1.05152149855
6.3100000000000005 0.928395639586
6.33 0.962779349063
6.3500000000000005 0.918827528568
6.37 1.08281481608
6.390000000000001 1.02397577273
6.41 0.961818770313
6.43 0.955153442974
6.45 0.985152209725
6.47 0.98210691696
6.49 1.00455832178
6.51 0.986958032391
6.53 0.951378510943
6.55 0.948473538391
6.57 0.967158562059
6.59 1.07534200508
6.61 1.07923557825
6.63 1.08666850835
6.65 1.04787901001
6.67 0.963282877191
6.69 1.00630472687
6.71 0.94697939683
6.73 1.10562095158
6.75 1.07784848126
6.7700000000000005 1.00488089526
6.79 1.03323104202
6.8100000000000005 1.03713394039
6.83 0.971843617169
6.8500000000000005 1.13453029422
6.87 0.990253807993
6.890000000000001 1.03537694807
6.91 0.943499784136
6.93 0.927142394064
6.95 1.15899175079
6.97 1.01332598767
6.99 1.06111692772
7.01 1.05808948998
7.03 0.974436275913
7.05 0.941516582307
7.07 0.985628771791
7.09 0.956194919822
7.11 1.07310864123
7.13 0.897822596281
7.15 1.01424553414
7.17 0.978471237841
7.19 1.00860299987
7.21 0.959937872095
7.23 1.058564885
7.25 0.824315156232
7.2700000000000005 0.958513812457
7.29 1.0757746987
7.3100000000000005 1.08575708223
7.33 1.02156512454
7.3500000000000005 1.03485452514
7.37 1.02243089846
7.390000000000001 0.965324380542
7.41 1.02966294725
7.43 1.05868361143
7.45 1.03681733646
7.47 1.0877988897
7.49 1.05020283484
7.51 0.975062664079
7.53 1.08540518789
7.55 1.00118376172
7.57 1.02974295836
7.59 1.00213185241
7.61 0.918793310899
7.63 0.894713675006
7.65 0.97265738616
7.67 1.01939711528
7.69 0.973741529634
7.71 1.02023595758
7.73 0.938144316831
7.75 1.01801818223
7.7700000000000005 1.08532040386
7.79 1.07040472664
7.8100000000000005 0.928534643931
7.83 1.04985241681
7.8500000000000005 1.05620502697
7.87 0.972480828276
7.890000000000001 0.976003482546
7.91 1.00638507591
7.930000000000001 0.878738387965
7.95 1.04589070957
7.97 1.04326614067
7.99 0.960831764444
8.01 1.03510729859
8.03 0.9119203745
8.05 1.03583264851
8.07 0.933744203425
8.09 1.01903165673
8.11 1.07185918757
8.13 1.01982896208
8.15 1.09558218466
8.17 1.08133513922
8.19 1.11618924534
8.21 0.860277970046
8.23 1.00743735866
8.25 0.979225981495
8.27 0.985426769706
8.290000000000001 0.971651709042
8.31 1.02047928962
8.33 1.0208648951
8.35 0.981643442422
8.370000000000001 1.03574149723
8.39 1.00793339897
8.41 0.924082344283
8.43 1.02836967162
8.45 0.981208220324
8.47 1.03466860086
8.49 1.04614269095
8.51 0.949308383941
8.53 1.04954472266
8.55 1.03051303018
8.57 0.997788557164
8.59 1.01471474861
8.61 0.993153070255
8.63 0.903262363244
8.65 1.12237112421
8.67 0.975381916654
8.69 0.945954479126
8.71 1.00615878867
8.73 0.944326014087
8.75 1.06365047714
8.77 1.0585313564
8.790000000000001 1.02924951102
8.81 1.05640654654
8.83 1.03796280846
8.85 0.955543640383
8.870000000000001 0.966704578836
8.89 0.961872658594
8.91 1.00743413734
8.93 0.997242231307
8.950000000000001 1.0214066949
8.97 1.02176272004
8.99 1.00372430728
9.01 0.949061923962
9.03 1.00189404229
9.05 1.08059395166
9.07 0.908926802975
9.09 0.964097145138
9.11 0.980131153123
9.13 0.975396837412
9.15 1.03006011715
9.17 1.07418105787
9.19 1.00244341213
9.21 0.889980753988
9.23 0.972506843305
9.25 1.01126324689
9.27 0.970858666999
9.290000000000001 1.05522033821
9.31 0.956538466764
9.33 0.99752858253
9.35 1.03329057387
9.370000000000001 0.957976324835
9.39 1.02637328928
9.41 0.968965806586
9.43 0.934346384736
9.450000000000001 0.964864364019
9.47 1.02768024327
9.49 1.02053620074
9.51 1.01342220676
9.53 1.07078336741
9.55 0.996810135016
9.57 1.0243465979
9.59 0.975410326773
9.61 1.00779277264
9.63 0.983623409205
9.65 0.942419332704
9.67 1.0455096974
9.69 1.05066499608
9.71 0.968221255666
9.73 0.978369659754
9.75 0.952135384166
9.77 1.07107512431
9.790000000000001 0.965135010344
9.81 1.013733641
9.83 1.05732847674
9.85 0.942469035089
9.870000000000001 1.01953752939
9.89 0.957764755374
9.91 0.891474075423
9.93 1.06809003432
9.950000000000001 0.985225823311
9.97 0.997465097113
9.99 0.898522338709
10.01 1.00055864699
10.03 1.05744108084
10.05 1.02948214603
10.07 0.98286828793
10.09 1.06519961517
10.11 0.960287856027
10.13 0.93274153517
10.15 1.01701220574
10.17 0.961590487961
10.19 1.05242810969
10.21 0.994840561471
10.23 0.988277495001
10.25 1.00248102727
10.27 0.968327849875
10.290000000000001 0.932011839411
10.31 0.948533003159
10.33 0.994717379429
10.35 1.00192437169
10.370000000000001 0.943044866207
10.39 0.973058592287
10.41 1.03699399384
10.43 0.973856388554
10.450000000000001 0.999117922024
10.47 1.00849003649
10.49 1.06961846565
10.51 0.991166565726
10.53 1.02517639846
10.55 0.926955001191
10.57 0.992244620994
10.59 0.894456414603
10.61 1.05752099007
10.63 0.939978398586
10.65 0.998099128655
10.67 1.00729748051
10.69 1.06065538836
10.71 1.00794654303
10.73 0.988456108183
10.75 1.04814335473
10.77 1.06154993677
10.790000000000001 1.05958228165
10.81 1.06199224586
10.83 0.998959294109
10.85 0.873022436004
10.870000000000001 0.932263151172
10.89 0.989117153026
10.91 1.02627644594
10.93 0.998464398236
10.950000000000001 0.94702440612
10.97 0.962524218965
10.99 0.954324444396
11.01 0.944008985141
11.03 0.995836891283
11.05 0.953418009291
11.07 0.99010471829
11.09 0.996839129755
11.11 1.00142313115
11.13 0.925341618049
11.15 0.987237900469
11.17 0.9008805206
11.19 1.04070490915
11.21 1.03463377116
11.23 0.973894706331
11.25 0.980562157298
11.27 0.980918007896
11.290000000000001 1.0712400214
11.31 1.07978852684
11.33 1.02367560236
11.35 1.02187176869
11.370000000000001 0.936972506557
11.39 1.06598272172
11.41 0.966811942998
11.43 0.97545342664
11.450000000000001 1.01707318196
11.47 0.951457355947
11.49 0.966247981527
11.51 0.888634854105
11.53 1.03255216016
11.55 0.899873500121
11.57 0.890151444156
11.59 1.03535919966
11.61 1.01119506037
11.63 0.966803042477
11.65 0.965143294765
11.67 0.981706469444
11.69 0.961840836956
11.71 1.01668030799
11.73 1.07133277316
11.75 1.05945744956
11.77 0.997448993284
11.790000000000001 0.967707475798
11.81 0.960068255845
11.83 0.948461344432
11.85 1.0146358484
11.870000000000001 0.931334957792
11.89 1.035062654
11.91 0.989690848842
11.93 1.01179196666
11.950000000000001 1.06149303984
11.97 0.976836365263
11.99 0.931864415836
12.01 0.963748783956
12.030000000000001 0.993563571518
12.05 1.01543816746
12.07 0.93743035809
12.09 0.971048358226
12.11 1.02601183757
12.13 1.03795178142
12.15 1.0634616148
12.17 0.945255370351
12.19 0.95920683283
12.21 0.961504885418
12.23 1.00049304316
12.25 1.05092369478
12.27 0.95295283555
12.290000000000001 0.953324082309
12.31 1.00550446744
12.33 0.96555769721
12.35 1.06154105708
12.370000000000001 0.983440976537
12.39 0.981853501191
12.41 0.980271142608
12.43 0.980594252545
12.450000000000001 0.999889560827
12.47 0.950928873123
12.49 1.05720726761
12.51 0.983764584815
12.530000000000001 0.978423910397
12.55 0.929809530902
12.57 0.950880649591
12.59 0.95499879297
