0.01 0.0
0.03 0.0
0.05 0.0
0.07 0.0
0.09 0.0
0.11 0.0
0.13 0.182153478394
0.15 0.157866347941
0.17 0.417881509256
0.19 0.124631327322
0.21 0.225523354202
0.23 0.205912627749
0.25 0.473599043823
0.27 0.263110579902
0.29 0.408275037779
0.31 0.534708597865
0.33 0.215272292647
0.35000000000000003 0.405942037563
0.37 0.575998837083
0.39 1.21435652262
0.41000000000000003 0.808583733357
0.43 0.660835875103
0.45 1.05244231961
0.47000000000000003 0.705360278035
0.49 1.35314012521
0.51 1.43936964299
0.53 1.34037465233
0.55 1.16247038029
0.5700000000000001 1.03859439435
0.59 1.20406536565
0.61 0.659933093852
0.63 0.826918965406
0.65 1.38436643579
0.67 1.20166921567
0.6900000000000001 1.26979453779
0.71 1.30072976825
0.73 1.29753162691
0.75 1.54709020982
0.77 1.50690604853
0.79 1.34885803621
0.81 1.25708388175
0.8300000000000001 1.25532276676
0.85 1.25364452777
0.87 1.11595176993
0.89 0.718380572092
0.91 1.14496472133
0.93 0.865718682258
0.9500000000000001 0.847493025789
0.97 1.00090519571
0.99 0.956765745098
1.01 0.820592402664
1.03 1.24147322167
1.05 0.969750423067
1.07 0.907362654054
1.09 0.934163251578
1.11 1.02399793259
1.1300000000000001 0.96396265557
1.1500000000000001 0.906015562097
1.17 0.728613913575
1.19 1.0347542134
1.21 1.03722104639
1.23 0.943347688917
1.25 0.9661420494
1.27 0.950927213976
1.29 0.936184156395
1.31 0.976120166659
1.33 0.943637192581
1.35 1.15768655157
1.37 0.916085741702
1.3900000000000001 1.27769526211
1.41 1.04124612472
1.43 0.827970356335
1.45 0.84921207858
1.47 1.09539914898
1.49 1.03301804861
1.51 1.08206404052
1.53 0.975056854931
1.55 0.947198087647
1.57 1.16137345141
1.59 1.05740667017
1.61 1.19135163198
1.6300000000000001 1.07504077432
1.6500000000000001 0.875440656765
1.67 1.09183013097
1.69 0.910767391968
1.71 1.06629024487
1.73 1.10871452456
1.75 0.83894687763
1.77 1.12379434128
1.79 1.08477993278
1.81 1.02046202813
1.83 0.789331739706
1.85 1.04959788091
1.87 1.11435069135
1.8900000000000001 0.91462249204
1.9100000000000001 0.942238935356
1.93 0.846588964348
1.95 1.10506443559
1.97 0.937581863407
1.99 1.1542489259
2.0100000000000002 1.0131720838
2.0300000000000002 0.898205083114
2.05 0.877890910502
2.07 1.02956313875
2.09 1.01971085991
2.11 1.03249080644
2.13 0.956091966404
2.15 1.03530953766
2.17 1.0803296161
2.19 0.983961483743
2.21 0.878622660487
2.23 1.00878720097
2.25 0.905100394863
2.27 1.23094024606
2.29 0.961674914314
2.31 1.03535721702
2.33 0.924839334505
2.35 0.977427813848
2.37 1.15901875704
2.39 1.07996434679
2.41 1.00222204295
2.43 1.08167682849
2.45 0.831214648343
2.47 0.987463593397
2.49 0.989042179872
2.5100000000000002 0.971727121789
2.5300000000000002 1.02956313875
2.5500000000000003 0.882194297318
2.57 1.05960875564
2.59 1.15199767417
2.61 0.753040625237
2.63 0.981412467239
2.65 0.947198087647
2.67 0.931234074934
2.69 1.02994587597
2.71 1.12720067626
2.73 1.02352906907
2.75 1.15385948859
2.77 0.948907831487
2.79 1.03546744349
2.81 0.89326510045
2.83 1.0040969127
2.85 0.988741863421
2.87 0.816834587779
2.89 1.05699440577
2.91 0.984630314478
2.93 0.969827393495
2.95 0.939170985209
2.97 1.11622670261
2.99 0.871168809709
3.0100000000000002 1.05419056266
3.0300000000000002 1.18790519243
3.0500000000000003 0.962725925149
3.0700000000000003 0.941027416066
3.09 0.965590283524
3.11 1.00506549493
3.13 1.02133979099
3.15 0.909610861947
3.17 0.941222074476
3.19 0.965013725659
3.21 1.01801663626
3.23 0.997050618576
3.25 1.03463175728
3.27 1.03554530989
3.29 1.05804041705
3.31 1.03018523128
3.33 1.09510890013
3.35 1.03909043943
3.37 0.934550041966
3.39 0.943006945666
3.41 1.12497133577
3.43 1.00795131776
3.45 0.906015562097
3.47 0.887145182955
3.49 0.89563142958
3.5100000000000002 1.09292087036
3.5300000000000002 0.992813859573
3.5500000000000003 0.947198087647
3.5700000000000003 0.975056854931
3.59 0.94324043547
3.61 1.04296742338
3.63 1.05026785201
3.65 0.960173403916
3.67 1.07753460924
3.69 1.04602498839
3.71 0.912731310873
3.73 1.00306499898
3.75 1.07980581992
3.77 1.01126586281
3.79 0.92470525707
3.81 0.994433687818
3.83 1.0325201086
3.85 0.990252546176
3.87 0.936184156395
3.89 1.21747826176
3.91 0.987169362445
3.93 1.13278142797
3.95 1.01913718291
3.97 1.08557967224
3.99 1.01485509391
4.01 1.02750914745
4.03 0.963650659889
4.05 0.947198087647
4.07 1.04145244281
4.09 0.966883133478
4.11 1.00827047043
4.13 0.768308376179
4.15 0.970022137952
4.17 0.976727044816
4.19 1.03423180214
4.21 0.877451910172
4.23 0.979667052826
4.25 1.06420491024
4.2700000000000005 1.07031165642
4.29 1.04876245136
4.3100000000000005 1.0878493118
4.33 0.973448381069
4.3500000000000005 1.02340942803
4.37 0.986213111852
4.39 1.04105484576
4.41 0.955789453521
4.43 0.839221781945
4.45 1.02701815121
4.47 0.921769951066
4.49 0.996773043237
4.51 0.871590258034
4.53 1.03501777789
4.55 1.01485509391
4.57 1.01041371494
4.59 0.938943638081
4.61 0.970826673347
4.63 1.05869332691
4.65 0.957383013321
4.67 0.968494832658
4.69 1.00980606359
4.71 0.970325004861
4.73 1.06134246607
4.75 0.977109606204
4.7700000000000005 1.15172933089
4.79 1.10242783688
4.8100000000000005 1.01907486561
4.83 0.995244367455
4.8500000000000005 1.10343694747
4.87 0.899546438474
4.89 1.00724541018
4.91 1.06101618779
4.93 1.0951377484
4.95 0.995036374902
4.97 1.04344256134
4.99 1.10095168504
5.01 0.9972993837
5.03 1.08748885808
5.05 0.923752590428
5.07 0.99483822815
5.09 0.96766798738
5.11 0.89900405579
5.13 0.955506842802
5.15 1.01157077322
5.17 0.989336493867
5.19 0.926210076071
5.21 0.959015338261
5.23 1.12287344998
5.25 1.07800163308
5.2700000000000005 0.840256368074
5.29 1.02508677727
5.3100000000000005 0.954333289814
5.33 1.00406551505
5.3500000000000005 1.075556707
5.37 1.00099611683
5.39 1.01485509391
5.41 1.0329886723
5.43 0.937604000203
5.45 0.955887978359
5.47 1.13421343219
5.49 1.04812903141
5.51 1.08300325811
5.53 1.0020088269
5.55 1.02826459064
5.57 0.926791665651
5.59 0.991253812654
5.61 0.907520449394
5.63 0.984211156791
5.65 1.03521206924
5.67 0.973091509796
5.69 0.957186116691
5.71 0.991157368422
5.73 0.995963085179
5.75 0.992498865752
5.7700000000000005 0.980850706012
5.79 0.92020539603
5.8100000000000005 1.02300654044
5.83 1.01949708405
5.8500000000000005 1.0038680587
5.87 0.972209280762
5.89 1.03725427255
5.91 0.897514262407
5.93 1.00629813696
5.95 1.0307743895
5.97 1.01938822666
5.99 1.0001716034
6.01 0.988963061562
6.03 1.12312874406
6.05 1.02547892134
6.07 0.963582898059
6.09 1.09651010146
6.11 0.972777086741
6.13 0.950288456612
6.15 0.970300480029
6.17 0.974831095066
6.19 0.967855881158
6.21 0.983804777025
6.23 0.91983120871
6.25 0.988874803503
6.2700000000000005 1.01593415302
6.29 1.05411551884
6.3100000000000005 1.0395161263
6.33 0.972636266936
6.3500000000000005 1.02923886689
6.37 1.02228992976
6.390000000000001 0.911622572618
6.41 0.964191501076
6.43 1.05326070399
6.45 1.00226774391
6.47 0.929630271493
6.49 0.912170731555
6.51 1.02940498773
6.53 1.02987847202
6.55 1.07011692345
6.57 1.04883806509
6.59 1.06721484079
6.61 1.06398574898
6.63 1.00720158641
6.65 1.02553777911
6.67 1.06506531594
6.69 1.06542086839
6.71 0.974018897878
6.73 1.05205136778
6.75 0.97526321617
6.7700000000000005 1.01435541144
6.79 1.091579534
6.8100000000000005 0.991011215049
6.83 1.08865373178
6.8500000000000005 1.05090590746
6.87 0.937546869869
6.890000000000001 1.06886286378
6.91 0.973242608147
6.93 0.967016806653
6.95 0.967641211841
6.97 1.03281283588
6.99 0.995980821775
7.01 1.06745576211
7.03 1.10147146039
7.05 0.994222106183
7.07 0.904326321304
7.09 1.04205149276
7.11 1.11572207933
7.13 1.05281133865
7.15 0.986940664751
7.17 0.944555973037
7.19 0.988036948171
7.21 0.94588435937
7.23 0.969469688601
7.25 0.90800368402
7.2700000000000005 0.898991307395
7.29 1.0167112532
7.3100000000000005 1.07871738436
7.33 1.04992966741
7.3500000000000005 0.982637471879
7.37 0.918923517866
7.390000000000001 1.08626573651
7.41 0.974680893159
7.43 0.962496037919
7.45 0.978983258373
7.47 0.878091935335
7.49 0.970593501027
7.51 1.04998989077
7.53 1.00631934943
7.55 0.975425845226
7.57 1.11361466051
7.59 1.00460403235
7.61 0.952176789816
7.63 1.03968335309
7.65 1.02148813374
7.67 1.00338780471
7.69 1.00077821354
7.71 0.964397534115
7.73 0.860810681206
7.75 1.0296959856
7.7700000000000005 0.969140900488
7.79 1.07000554189
7.8100000000000005 0.967209314851
7.83 0.97683583113
7.8500000000000005 1.07389337326
7.87 1.09222651149
7.890000000000001 0.942396069459
7.91 0.898101853015
7.930000000000001 0.898822901582
7.95 0.947198087647
7.97 0.947792314804
7.99 0.98691164952
8.01 0.975578554693
8.03 0.97019978467
8.05 1.06192083739
8.07 1.04168315091
8.09 0.992274881682
8.11 1.11830107142
8.13 1.0223447994
8.15 1.01402494659
8.17 0.962269783044
8.19 1.11316014574
8.21 0.969118628043
8.23 1.01855444419
8.25 1.02756641024
8.27 0.942044047267
8.290000000000001 1.01403896597
8.31 0.900465089339
8.33 0.960843198153
8.35 1.00108061359
8.370000000000001 0.967567938994
8.39 1.01041989087
8.41 1.06433078814
8.43 0.938209256447
8.45 0.969616977295
8.47 1.00367211767
8.49 0.981783647973
8.51 1.07130218491
8.53 1.06879033923
8.55 1.11891236085
8.57 0.98090817128
8.59 0.956570827746
8.61 1.0478585116
8.63 0.94116148338
8.65 0.941722954192
8.67 0.953206841375
8.69 0.978262696966
8.71 0.986891233685
8.73 0.960217992632
8.75 1.12040002367
8.77 1.05034223516
8.790000000000001 1.00215497328
8.81 1.0858911107
8.83 0.949343496679
8.85 0.94987378846
8.870000000000001 0.94773202118
8.89 1.0228460789
8.91 0.935504284096
8.93 1.00500580968
8.950000000000001 1.07155090921
8.97 0.966205407132
8.99 1.00093235068
9.01 0.980313226116
9.03 1.01223272932
9.05 1.05971056767
9.07 0.952941846723
9.09 1.00294626992
9.11 0.99034706749
9.13 0.946679359231
9.15 0.957549979315
9.17 1.06650166357
9.19 1.0693340761
9.21 1.03101637662
9.23 0.987733650444
9.25 0.965118051467
9.27 1.00390735827
9.290000000000001 0.991550204776
9.31 1.00213761153
9.33 0.999989406573
9.35 0.990252546176
9.370000000000001 1.04373748719
9.39 0.948206818305
9.41 0.956257367975
9.43 0.941673602512
9.450000000000001 0.92965738232
9.47 1.0027096968
9.49 0.973148720185
9.51 0.916322019595
9.53 1.00136628888
9.55 0.95711639223
9.57 1.03429676237
9.59 1.03213973054
9.61 1.12855547384
9.63 0.97867299814
9.65 0.961921373983
9.67 1.04074246962
9.69 0.99460686706
9.71 0.953538754557
9.73 0.961313578162
9.75 1.01520205291
9.77 0.986462696193
9.790000000000001 1.00137897928
9.81 0.864161354173
9.83 1.0816173483
9.85 0.978450816427
9.870000000000001 0.945278739952
9.89 1.08702712789
9.91 0.99403230187
9.93 1.00633835092
9.950000000000001 0.963857350495
9.97 0.96667407641
9.99 0.99792391116
10.01 0.974639390885
10.03 1.02227510456
10.05 1.07443365166
10.07 0.900637704987
10.09 1.03731802463
10.11 1.09147949763
10.13 1.00750833113
10.15 0.935533086568
10.17 1.08271167836
10.19 1.09917736864
10.21 1.05527700754
10.23 1.01617781153
10.25 1.0049540686
10.27 0.90385017127
10.290000000000001 1.01255383519
10.31 1.01977679659
10.33 0.949031965842
10.35 1.00897187597
10.370000000000001 0.922536228084
10.39 0.920760412438
10.41 1.0145301323
10.43 0.998962508544
10.450000000000001 1.1080858011
10.47 0.98609925075
10.49 1.07225712972
10.51 0.986852431944
10.53 0.984978068351
10.55 0.996578082738
10.57 0.974529725938
10.59 1.02635486834
10.61 1.09360759413
10.63 0.9044271486
10.65 1.00500829957
10.67 0.932106834142
10.69 1.00346289454
10.71 1.00822205408
10.73 0.922480896171
10.75 0.9670231639
10.77 1.03998304424
10.790000000000001 0.956854416622
10.81 1.01641977953
10.83 0.907403523485
10.85 0.940650635428
10.870000000000001 0.973775402894
10.89 0.917625328253
10.91 1.07438829832
10.93 1.08758792314
10.950000000000001 0.981798931031
10.97 0.992960620596
10.99 0.969606777619
11.01 0.974297760454
11.03 1.00473414555
11.05 1.12077963765
11.07 0.990408117842
11.09 1.04200330652
11.11 1.0465217395
11.13 1.02762056679
11.15 0.993920863271
11.17 1.04090031566
11.19 0.967090093956
11.21 1.08365882909
11.23 1.03533896045
11.25 0.974561587957
11.27 0.995944750543
11.290000000000001 1.05710326876
11.31 1.00079727209
11.33 1.0324709958
11.35 1.06820577285
11.370000000000001 0.9934333505
11.39 1.04158525441
11.41 0.902785206237
11.43 0.946783740277
11.450000000000001 0.949266205742
11.47 1.04051402828
11.49 1.00778908803
11.51 0.966948525617
11.53 0.981701400467
11.55 0.994352970798
11.57 0.904627387079
11.59 1.1073799903
11.61 1.08099695619
11.63 0.916249224938
11.65 0.928904562349
11.67 0.998332174641
11.69 0.970290598766
11.71 0.996944187041
11.73 0.958906844911
11.75 1.07416293769
11.77 0.961683699862
11.790000000000001 0.964069300404
11.81 0.980482355756
11.83 1.01685678048
11.85 0.911228540015
11.870000000000001 0.941612252252
11.89 1.01371704502
11.91 1.01400299055
11.93 1.06986540076
11.950000000000001 1.04825897148
11.97 0.953528567765
11.99 1.04476186064
12.01 1.0016166289
12.030000000000001 0.978298939236
12.05 1.03366430312
12.07 0.963285544811
12.09 1.06549991663
12.11 1.10089290534
12.13 1.01513397687
12.15 1.08362579574
12.17 1.01763475727
12.19 1.03344828267
12.21 0.985210132114
12.23 1.02813202073
12.25 1.01485509391
12.27 1.01127098192
12.290000000000001 0.940261730618
12.31 1.04645767604
12.33 1.02555510706
12.35 0.998968023611
12.370000000000001 0.966723998104
12.39 0.980453226317
12.41 0.97124058544
12.43 0.962057591033
12.450000000000001 1.00425821341
12.47 1.03872765426
12.49 0.961227843149
12.51 0.984298572295
12.530000000000001 0.937370812995
12.55 0.994369307151
12.57 0.992787176193
12.59 1.03258886044
