0.01 0.0
0.03 0.0
0.05 0.0
0.07 0.0
0.09 0.0
0.11 0.0
0.13 0.0
0.15 0.0
0.17 0.0
0.19 0.0
0.21 0.0
0.23 0.257652009579
0.25 0.0
0.27 0.219481341493
0.29 0.0
0.31 0.382322336794
0.33 0.0
0.35000000000000003 0.169314177723
0.37 0.160162060008
0.39 0.151948621034
0.41000000000000003 0.289072986357
0.43 0.413441596766
0.45 0.263377609792
0.47000000000000003 0.0
0.49 0.967509586989
0.51 0.813372030238
0.53 1.22992374384
0.55 1.07745385824
0.5700000000000001 1.35154299761
0.59 1.50660920855
0.61 1.45721218532
0.63 1.03469775275
0.65 1.00286089882
0.67 1.76895409561
0.6900000000000001 1.28826004789
0.71 0.834647354973
0.73 1.78591666913
0.75 1.50125237581
0.77 1.53921979748
0.79 1.42523959729
0.81 2.0484925206
0.8300000000000001 2.4989140688
0.85 1.18519924406
0.87 1.2941830826
0.89 1.46485299828
0.91 1.3675375893
0.93 1.40184856825
0.9500000000000001 1.30995705923
0.97 1.22185489079
0.99 1.55632223968
1.01 0.997444908369
1.03 0.920543102184
1.05 0.903008947857
1.07 1.38457855615
1.09 1.03297181822
1.11 1.44145854008
1.1300000000000001 0.734194221985
1.1500000000000001 1.54591205747
1.17 1.01299080689
1.19 0.946167463747
1.21 0.88155315674
1.23 1.25264960754
1.25 1.28001518359
1.27 1.30651885172
1.29 1.47001456628
1.31 0.995205472113
1.33 1.33669087676
1.35 1.31688804896
1.37 0.951619830999
1.3900000000000001 1.57742345433
1.41 1.21882191765
1.43 1.20177545727
1.45 1.10346136516
1.47 1.29001278265
1.49 0.79543573427
1.51 0.981125202038
1.53 0.813372030238
1.55 1.37636041246
1.57 1.24559156223
1.59 1.37900540976
1.61 0.846570888616
1.6300000000000001 0.908895125814
1.6500000000000001 1.50843540153
1.67 0.887125182681
1.69 1.43766772209
1.71 1.2822331003
1.73 1.23315528284
1.75 1.01588506634
1.77 1.13832695757
1.79 0.926971475803
1.81 1.34235273499
1.83 1.00385728322
1.85 1.24926406807
1.87 1.01407421952
1.8900000000000001 0.846570888616
1.9100000000000001 0.899758588424
1.93 1.13607181426
1.95 1.12441979565
1.97 1.26341036169
1.99 0.952924015326
2.0100000000000002 0.972924752588
2.0300000000000002 0.875762988223
2.05 1.06957004952
2.07 1.08786404044
2.09 1.13416195604
2.11 0.982985155028
2.13 0.973755247469
2.15 0.909571512885
2.17 0.928497103643
2.19 1.16355176928
2.21 1.12620742648
2.23 0.903515118791
2.25 0.948159395249
2.27 1.46191977241
2.29 1.0351085101
2.31 1.07745385824
2.33 1.09363878744
2.35 0.857378176555
2.37 0.850142917681
2.39 1.43810786936
2.41 0.934389445526
2.43 0.975472628857
2.45 1.16101150439
2.47 1.12761871399
2.49 1.38035253324
2.5100000000000002 1.2749155215
2.5300000000000002 1.00718512835
2.5500000000000003 0.929568034558
2.57 0.830100637864
2.59 0.983852654337
2.61 1.18065825079
2.63 1.12661525101
2.65 1.00630124496
2.67 0.909984438325
2.69 1.05742683485
2.71 0.984021512597
2.73 1.25900285999
2.75 1.1636501669
2.77 1.04828091984
2.79 1.21068739985
2.81 1.03335877151
2.83 1.27733487434
2.85 0.998062521315
2.87 0.887867029524
2.89 0.758691557617
2.91 1.09966940171
2.93 1.05171263978
2.95 1.06467050738
2.97 0.838019667518
2.99 1.03060803831
3.0100000000000002 1.2403247903
3.0300000000000002 0.997444908369
3.0500000000000003 1.18519924406
3.0700000000000003 0.96514596422
3.09 1.2657467655
3.11 1.21949761447
3.13 0.719450020357
3.15 0.978259693511
3.17 1.19641564069
3.19 0.798801998349
3.21 0.996896560426
3.23 0.825603188588
3.25 1.11226390597
3.27 0.960482567818
3.29 1.06271664741
3.31 0.859358968504
3.33 1.03215549783
3.35 0.972924752588
3.37 1.019904394
3.39 0.943963999695
3.41 0.938427553949
3.43 0.967509586989
3.45 1.04778483895
3.47 0.853889945289
3.49 1.05275577553
3.5100000000000002 1.01299080689
3.5300000000000002 0.889738809282
3.5500000000000003 0.951497984669
3.5700000000000003 1.04576403888
3.59 0.990417195595
3.61 1.01776112371
3.63 1.28967961819
3.65 1.03907878931
3.67 0.952680591276
3.69 1.01175545225
3.71 1.1660316013
3.73 0.969130749166
3.75 0.837540799137
3.77 1.00600466339
3.79 0.875608940204
3.81 0.995442934645
3.83 1.17591569907
3.85 0.800394294691
3.87 0.918759103924
3.89 1.17301210531
3.91 1.03060803831
3.93 1.26662514633
3.95 0.900151324604
3.97 1.26879012274
3.99 0.757458163498
4.01 1.21179972585
4.03 1.20578583143
4.05 0.980349992002
4.07 1.10657423278
4.09 1.21707501835
4.11 0.980456795574
4.13 0.975708820777
4.15 0.842491028911
4.17 0.952138481441
4.19 0.933450478617
4.21 0.900864033491
4.23 1.19080302299
4.25 1.03182051836
4.2700000000000005 0.915961945059
4.29 1.02219981423
4.3100000000000005 0.921210549329
4.33 1.02644276333
4.3500000000000005 0.912739647726
4.37 0.759395396653
4.39 0.850427703598
4.41 0.860008521768
4.43 1.09691126426
4.45 0.932179180723
4.47 1.0870955035
4.49 0.976667528514
4.51 1.24826971381
4.53 1.0596152182
4.55 0.768425883513
4.57 1.10220936264
4.59 1.26524538037
4.61 0.88697123471
4.63 0.947135465017
4.65 1.21068739985
4.67 0.964401954483
4.69 1.04873707097
4.71 1.06944730091
4.73 1.12756799118
4.75 1.07291721041
4.7700000000000005 0.981454300638
4.79 0.927869971865
4.8100000000000005 1.02257315236
4.83 1.15329947145
4.8500000000000005 1.05079520608
4.87 0.92479612473
4.89 0.993725337557
4.91 1.02588529272
4.93 1.0698045915
4.95 0.92182163427
4.97 0.96580622504
4.99 1.03318972178
5.01 0.981751868834
5.03 1.02497350133
5.05 0.927037032484
5.07 0.99351021445
5.09 1.09438830002
5.11 0.950942642007
5.13 1.13206165612
5.15 1.0125974124
5.17 1.06599158315
5.19 0.844939730834
5.21 1.13742729756
5.23 1.17840077803
5.25 0.914296559705
5.2700000000000005 0.967050616597
5.29 0.963394470598
5.3100000000000005 1.0713665483
5.33 1.06734641116
5.3500000000000005 1.11873947337
5.37 1.09250209648
5.39 1.01148729549
5.41 1.00774797092
5.43 1.02586306576
5.45 0.848124229696
5.47 1.07252948046
5.49 1.00385728322
5.51 1.16153827912
5.53 0.910867411802
5.55 1.12113442006
5.57 1.00007835675
5.59 1.04950559179
5.61 0.982384400158
5.63 0.926265839054
5.65 0.943963999695
5.67 1.0242462603
5.69 1.0414756099
5.71 0.975558046776
5.73 0.951468852126
5.75 0.937853314866
5.7700000000000005 0.872980379075
5.79 1.12583693305
5.8100000000000005 1.01996492604
5.83 0.863996018398
5.8500000000000005 1.09403007144
5.87 1.07011175358
5.89 0.784766901841
5.91 0.882381839911
5.93 0.909385591987
5.95 1.1354009565
5.97 1.08196580907
5.99 0.969528596979
6.01 1.06490447886
6.03 0.923787138821
6.05 0.959913437339
6.07 1.08366652464
6.09 0.836840188746
6.11 0.911691726201
6.13 0.899049997535
6.15 1.04066275088
6.17 0.970057728122
6.19 0.909482457075
6.21 0.954266702143
6.23 1.00827544037
6.25 1.26105199568
6.2700000000000005 0.954586313
6.29 0.904444574165
6.3100000000000005 1.08001515901
6.33 1.11404984236
6.3500000000000005 0.951892306254
6.37 0.986115540585
6.390000000000001 0.93665980947
6.41 0.832043151057
6.43 0.893968325614
6.45 0.96469705912
6.47 0.943396616216
6.49 1.08658482314
6.51 1.10145244648
6.53 0.934728347154
6.55 1.08567869685
6.57 0.947077021511
6.59 1.04311921329
6.61 1.04892822659
6.63 0.956382497094
6.65 1.00697379383
6.67 0.835147893117
6.69 1.09839092873
6.71 1.07745385824
6.73 0.845312982392
6.75 1.05351043917
6.7700000000000005 0.989124923035
6.79 0.916391168089
6.8100000000000005 1.19216076679
6.83 0.963082841075
6.8500000000000005 0.977573099117
6.87 0.905719946335
6.890000000000001 0.868687399494
6.91 0.969084765405
6.93 0.957736762878
6.95 0.963507299129
6.97 0.93523613233
6.99 1.14450570778
7.01 0.963714078624
7.03 0.96097236005
7.05 1.0423028813
7.07 0.896862228533
7.09 1.12836317312
7.11 1.02517234191
7.13 0.922560421395
7.15 1.25150409688
7.17 0.950473591821
7.19 1.02200769307
7.21 0.871228293138
7.23 0.860621857721
7.25 0.899116667909
7.2700000000000005 0.806978852559
7.29 0.926698997415
7.3100000000000005 1.05387073685
7.33 1.01865692191
7.3500000000000005 0.790132829375
7.37 1.03725035606
7.390000000000001 1.1226515167
7.41 1.08763223477
7.43 0.973043793913
7.45 0.859070593011
7.47 0.856770537876
7.49 1.02854407028
7.51 0.844316372268
7.53 0.944381867778
7.55 1.07531322143
7.57 1.07247223538
7.59 1.03060803831
7.61 1.05126082752
7.63 0.986371585818
7.65 1.10773524118
7.67 0.996679937966
7.69 1.0017938994
7.71 1.00688132926
7.73 0.866284052904
7.75 0.871694927891
7.7700000000000005 0.877077947665
7.79 0.86721895907
7.8100000000000005 1.11539237437
7.83 0.953608587176
7.8500000000000005 0.958728050929
7.87 1.0391200488
7.890000000000001 1.08906140931
7.91 1.07881599965
7.930000000000001 0.956529024211
7.95 0.924306328702
7.97 0.855068463407
7.99 0.808427519416
8.01 1.08014413004
8.03 0.974136364982
8.05 1.06741546825
8.07 0.976651173855
8.09 1.09143811721
8.11 0.986448199435
8.13 0.830951499527
8.15 1.14157227802
8.17 0.971950420467
8.19 1.09258294172
8.21 1.08992135112
8.23 0.957664030743
8.25 1.10618596112
8.27 1.08201382015
8.290000000000001 1.043661578
8.31 0.877133014558
8.33 1.13824657293
8.35 0.965192198757
8.370000000000001 0.927485668889
8.39 1.00296956291
8.41 1.01467711739
8.43 0.934943650416
8.45 0.995847885543
8.47 1.05646449736
8.49 1.09585560258
8.51 1.11417085223
8.53 1.03513884739
8.55 1.07430340836
8.57 1.00956295002
8.59 0.931326530549
8.61 0.901632409826
8.63 0.968210274697
8.65 0.828954384575
8.67 1.10727957058
8.69 1.05699587359
8.71 0.864066039012
8.73 0.963907747175
8.75 1.13101870719
8.77 0.898697260321
8.790000000000001 0.916877685964
8.81 0.968607781753
8.83 0.993258709633
8.85 0.970925934401
8.870000000000001 0.935331985167
8.89 1.07987782642
8.91 1.09075575772
8.93 0.948955721729
8.950000000000001 1.00642617373
8.97 0.938117573338
8.99 0.96898937084
9.01 0.894489995518
9.03 0.96469705912
9.05 1.06078606375
9.07 1.08458144716
9.09 0.958329421766
9.11 0.930205773331
9.13 0.824317108411
9.15 0.945568795809
9.17 1.05336683087
9.19 0.999487937049
9.21 1.0294890285
9.23 0.969475004623
9.25 1.13394738486
9.27 1.15067887773
9.290000000000001 0.924940206614
9.31 1.08844828536
9.33 1.00989646198
9.35 0.98872236403
9.370000000000001 0.872772122095
9.39 1.01606537963
9.41 0.919442559155
9.43 0.999187061537
9.450000000000001 1.01588506634
9.47 0.932390112805
9.49 0.986625292738
9.51 1.03440102268
9.53 1.03844844574
9.55 0.943195209934
9.57 1.07745385824
9.59 1.16171771576
9.61 0.937306374076
9.63 1.05227970267
9.65 0.982548596113
9.67 1.02954225958
9.69 0.88064340116
9.71 1.0191981141
9.73 1.03537446809
9.75 0.881302001995
9.77 0.97654594828
9.790000000000001 0.986657184791
9.81 1.09337952689
9.83 1.02484166577
9.85 1.01674452917
9.870000000000001 0.900607328314
9.89 0.880810358327
9.91 0.896972182691
9.93 0.984682151411
9.950000000000001 1.11968571801
9.97 1.08177664202
9.99 1.04401935413
10.01 0.964972411499
10.03 1.01622268185
10.05 0.94933869798
10.07 0.970992429346
10.09 1.08653052602
10.11 1.10196566708
10.13 0.924291611855
10.15 0.969177706967
10.17 1.06050276509
10.19 0.977004283623
10.21 0.859008266999
10.23 1.07745385824
10.25 0.861437499342
10.27 1.07902754936
10.290000000000001 1.07117132845
10.31 0.977128377742
10.33 1.03834009281
10.35 1.03060803831
10.370000000000001 0.960045675036
10.39 0.935383426497
10.41 1.18406072413
10.43 1.10224666035
10.450000000000001 1.04909980934
10.47 0.871636502319
10.49 0.96601082333
10.51 1.12768719701
10.53 1.18745033474
10.55 1.08409219954
10.57 0.930667334505
10.59 1.03523069004
10.61 1.1449851321
10.63 0.981162121142
10.65 0.851340302073
10.67 0.977483912628
10.69 0.981198625814
10.71 0.995965751312
10.73 1.12665724971
10.75 1.10251092471
10.77 1.24352381225
10.790000000000001 1.01054986519
10.81 0.964824546507
10.83 0.87549343975
10.85 0.923035355974
10.870000000000001 1.07398459558
10.89 0.995828565947
10.91 0.961412769014
10.93 0.965075322246
10.950000000000001 0.974136364982
10.97 0.988566370389
10.99 1.04608122542
11.01 1.10876950171
11.03 0.972443622734
11.05 0.863425693638
11.07 0.781567703853
11.09 0.988556628275
11.11 1.00277883836
11.13 1.0275986258
11.15 1.20645842333
11.17 0.907202644291
11.19 0.9002853954
11.21 1.03612422764
11.23 1.10287908285
11.25 1.04824288697
11.27 1.06215726398
11.290000000000001 0.971044553372
11.31 0.937889764311
11.33 0.988537763141
11.35 0.960690136156
11.370000000000001 1.01111984762
11.39 1.10299490668
11.41 1.01796254091
11.43 0.938412349848
11.450000000000001 1.09203947815
11.47 1.02297057683
11.49 0.979929749224
11.51 1.11723821008
11.53 0.806922295393
11.55 0.897878215198
11.57 0.962910362505
11.59 1.03283109275
11.61 0.923863321168
11.63 0.983419837076
11.65 0.905431182159
11.67 1.07653059015
11.69 1.00371877812
11.71 0.92609505407
11.73 0.92451603437
11.75 0.907812186941
11.77 1.09255835158
11.790000000000001 1.05552095527
11.81 0.993520111449
11.83 1.03692410617
11.85 0.93515720945
11.870000000000001 0.973520861803
11.89 0.976867333205
11.91 1.01005645065
11.93 1.02823237016
11.950000000000001 0.927331626107
11.97 1.03469775275
11.99 1.00825957376
12.01 0.927633046976
12.030000000000001 0.995055059437
12.05 1.11634949544
12.07 0.981938064674
12.09 1.05383721039
12.11 1.03252287571
12.13 0.977080992631
12.15 0.916944271126
12.17 1.11508063636
12.19 0.933380864889
12.21 0.999799526113
12.23 0.847955305441
12.25 0.977184682859
12.27 0.893487612679
12.290000000000001 0.940251637885
12.31 0.938724015402
12.33 0.908364384135
12.35 0.940481991239
12.370000000000001 1.02519255549
12.39 0.999623252659
12.41 1.02666332584
12.43 1.07745385824
12.450000000000001 1.00432546384
12.47 1.16428955411
12.49 1.02957660513
12.51 1.13214476151
12.530000000000001 1.04993707974
12.55 1.05298578257
12.57 0.975880045827
12.59 0.93196763433
