0.01 0.0
0.03 0.0
0.05 0.0
0.07 0.0
0.09 0.0
0.11 0.0
0.13 0.0
0.15 0.0
0.17 0.0
0.19 0.0
0.21 0.0
0.23 0.0
0.25 0.0
0.27 0.0
0.29 0.0
0.31 0.191120944641
0.33 0.0
0.35000000000000003 0.169278550967
0.37 0.160128359023
0.39 0.151916648304
0.41000000000000003 0.433518240282
0.43 0.688924335332
0.45 0.263322190394
0.47000000000000003 0.630292477006
0.49 0.604566253455
0.51 1.39405865502
0.53 0.894301778695
0.55 0.53861357126
0.5700000000000001 0.93548672903
0.59 1.70713114959
0.61 0.971270374403
0.63 1.03448003369
0.65 1.09379986779
0.67 1.41486550062
0.6900000000000001 1.28798897475
0.71 1.33515476819
0.73 1.54205803278
0.75 1.81692311372
0.77 1.3080615302
0.79 1.3499428748
0.81 1.53604611063
0.8300000000000001 0.64244269343
0.85 0.975841058517
0.87 0.953407930735
0.89 1.13169368343
0.91 1.36724983474
0.93 1.14672566784
0.9500000000000001 0.997852510965
0.97 1.64915701716
0.99 1.07722714252
1.01 0.879913259979
1.03 0.805305727903
1.05 1.07209748946
1.07 0.885943818147
1.09 1.35888745043
1.11 1.17427463284
1.1300000000000001 1.10105960142
1.1500000000000001 1.13343029778
1.17 1.62044424858
1.19 0.697029327512
1.21 0.832402791947
1.23 0.963373867294
1.25 0.663571919792
1.27 1.11963765994
1.29 1.10227893653
1.31 0.859314781628
1.33 0.980033716126
1.35 0.877740634645
1.37 0.821680557615
1.3900000000000001 0.980354198048
1.41 1.13452645861
1.43 1.16009076887
1.45 0.858067137662
1.47 1.20913250691
1.49 0.874795196274
1.51 1.25557600717
1.53 1.31661095197
1.55 1.14672566784
1.57 0.981168671212
1.59 1.45324039038
1.61 1.10399054979
1.6300000000000001 1.30853358416
1.6500000000000001 0.897689285433
1.67 1.02884867803
1.69 0.911499889824
1.71 0.866191415768
1.73 0.650695008053
1.75 1.35422840774
1.77 1.30545323204
1.79 1.25776800439
1.81 1.14566975102
1.83 0.906519016109
1.85 1.24900120038
1.87 0.887128235016
1.8900000000000001 1.03448003369
1.9100000000000001 1.24078519034
1.93 1.10513458144
1.95 0.881116560163
1.97 1.32329425629
1.99 0.833633065065
2.0100000000000002 0.972720031678
2.0300000000000002 0.992322540153
2.05 0.751431616489
2.07 1.17350106588
2.09 1.16227139061
2.11 1.17933398067
2.13 1.11262897349
2.15 1.12983590994
2.17 1.09211968366
2.19 0.838663140637
2.21 1.23320573329
2.23 1.48782941657
2.25 0.947959885417
2.27 1.35721128969
2.29 0.957273901758
2.31 0.846392754837
2.33 1.0679805576
2.35 0.983256264129
2.37 0.849964032283
2.39 0.966800092345
2.41 1.27836914009
2.43 0.975267371828
2.45 1.25749780719
2.47 0.671631497765
2.49 0.761413562584
2.5100000000000002 1.08581062573
2.5300000000000002 0.983555217083
2.5500000000000003 1.18494985677
2.57 1.22183545543
2.59 1.00652111386
2.61 1.04420868604
2.63 1.17143331848
2.65 1.0955196789
2.67 1.06512346676
2.69 1.01315415263
2.71 1.20243989156
2.73 0.933202268153
2.75 0.861781714015
2.77 1.13361628897
2.79 0.806955099593
2.81 0.927718749073
2.83 0.900226922989
2.85 1.16416126279
2.87 1.3418421723
2.89 1.06604485384
2.91 0.85511845334
2.93 1.09193331511
2.95 1.00419479387
2.97 1.25676499961
2.99 1.0303911798
3.0100000000000002 0.984177621903
3.0300000000000002 1.03634228397
3.0500000000000003 0.89356874445
3.0700000000000003 1.06143716812
3.09 0.977871241025
3.11 0.800126912932
3.13 0.984303395401
3.15 1.07209748946
3.17 1.06533346744
3.19 0.891498324843
3.21 0.812115166634
3.23 1.11891549943
3.25 0.911499889824
3.27 0.90592496695
3.29 1.11651810212
3.31 0.841278599218
3.33 0.85401791479
3.35 0.901976756647
3.37 0.896623778862
3.39 0.94376537265
3.41 1.14672566784
3.43 1.17458586385
3.45 0.978871620811
3.47 1.10982335288
3.49 1.03555789775
3.5100000000000002 0.928379517413
3.5300000000000002 1.00703953833
3.5500000000000003 0.96798720694
3.5700000000000003 1.12852367312
3.59 1.23776099245
3.61 1.05037106417
3.63 0.832402791947
3.65 1.02262795858
3.67 0.85561774399
3.69 1.15604864075
3.71 1.02205917565
3.73 0.937158733907
3.75 0.995357879688
3.77 1.19437916598
3.79 0.812894360846
3.81 0.964132429394
3.83 1.05191371097
3.85 1.0926161017
3.87 1.07166007718
3.89 0.852920205388
3.91 1.06069680274
3.93 1.14575304217
3.95 0.914961281811
3.97 1.02974231886
3.99 0.93548672903
4.01 0.723971857628
4.03 0.970306334329
4.05 1.00940172984
4.07 1.22279837799
4.09 0.86915637416
4.11 0.951419593028
4.13 1.16199683291
4.15 0.927972779399
4.17 0.880897975058
4.19 1.07465619469
4.21 1.0695509396
4.23 0.980454964231
4.25 0.850375779565
4.2700000000000005 1.04064682972
4.29 0.856257472259
4.3100000000000005 0.893523673899
4.33 0.848347472515
4.3500000000000005 0.735486117996
4.37 0.85414005694
4.39 1.06618495085
4.41 1.19569770128
4.43 1.12342875811
4.45 1.1583217701
4.47 1.11337570435
4.49 0.870898558429
4.51 1.07722714252
4.53 0.954760922122
4.55 0.937542743819
4.57 0.972333033456
4.59 0.955188337702
4.61 1.00245215649
4.63 1.2028648654
4.65 1.10850147891
4.67 0.926138539018
4.69 1.0358836701
4.71 0.981168671212
4.73 1.06470124551
4.75 0.835701477933
4.7700000000000005 1.14271893944
4.79 1.10084068113
4.8100000000000005 1.13321607924
4.83 0.944525248151
4.8500000000000005 1.08722203353
4.87 0.936767340569
4.89 1.12679280859
4.91 1.01360272881
4.93 1.1056327264
4.95 1.18494985677
4.97 1.00136607614
4.99 0.997352584857
5.01 0.981545290539
5.03 1.06009430526
5.05 0.891645436778
5.07 0.993301161988
5.09 1.09415802099
5.11 1.03190349562
5.13 0.981683604537
5.15 0.931853770859
5.17 0.985548236773
5.19 1.11873878578
5.21 1.11444420311
5.23 0.860957830924
5.25 1.07209748946
5.2700000000000005 0.989331948727
5.29 0.985591563288
5.3100000000000005 1.00419479387
5.33 1.05600596992
5.3500000000000005 1.05205828405
5.37 1.02607389832
5.39 1.02226657402
5.41 0.97468149032
5.43 1.09111404859
5.45 1.04362556193
5.47 0.909833528051
5.49 1.0144379466
5.51 1.12903570745
5.53 0.996386407592
5.55 0.992795825943
5.57 0.904135887123
5.59 1.03868592096
5.61 0.90825033585
5.63 0.768217935562
5.65 1.09057331951
5.67 1.27481377889
5.69 1.12455698182
5.71 1.09986589157
5.73 0.951268645924
5.75 1.08191073879
5.7700000000000005 1.00628324059
5.79 0.900480029325
5.8100000000000005 0.978960294751
5.83 0.934951859545
5.8500000000000005 0.800094347734
5.87 1.02951350418
5.89 0.875132746512
5.91 0.842096344913
5.93 0.999114550397
5.95 1.05550155309
5.97 0.982496112398
5.99 0.880304985414
6.01 1.01538964432
6.03 1.10045094493
6.05 1.0674341685
6.07 1.11272062333
6.09 1.07015175899
6.11 0.959983926517
6.13 1.04383837301
6.15 0.905571435256
6.17 0.96025109949
6.19 1.07200633246
6.21 0.906362611862
6.23 0.922473002462
6.25 1.00483747854
6.2700000000000005 1.26621436051
6.29 1.11147919793
6.3100000000000005 1.17368250473
6.33 0.982778317227
6.3500000000000005 1.09164671844
6.37 0.976607024811
6.390000000000001 1.20534805462
6.41 0.952026796002
6.43 0.939851363846
6.45 1.00123670068
6.47 1.22707326744
6.49 0.922033401648
6.51 0.891897741656
6.53 1.07062850765
6.55 0.84122394412
6.57 0.964913505894
6.59 1.01592817766
6.61 0.977001016551
6.63 0.938308710113
6.65 1.04239949806
6.67 0.994860449463
6.69 0.983030150236
6.71 1.05073795049
6.73 0.924366530171
6.75 1.16739504408
6.7700000000000005 1.00641974541
6.79 0.924924041368
6.8100000000000005 0.896107454093
6.83 1.06697534687
6.8500000000000005 1.05521082136
6.87 1.06076297222
6.890000000000001 0.954495167646
6.91 1.11464168871
6.93 1.14562251665
6.95 1.09117684652
6.97 0.850035765259
6.99 1.03407641292
7.01 0.997318709693
7.03 0.977625770878
7.05 1.00846796321
7.07 1.0391356594
7.09 1.11141277116
7.11 1.03328960787
7.13 0.914056691759
7.15 1.06065441725
7.17 1.03290608156
7.19 0.964110801406
7.21 0.977871241025
7.23 1.02433424686
7.25 1.04602470115
7.2700000000000005 1.03499746774
7.29 0.926504003237
7.3100000000000005 1.07796395999
7.33 0.929530924479
7.3500000000000005 1.02373218918
7.37 0.964681023152
7.390000000000001 0.938018492843
7.41 1.10339460347
7.43 1.12434676854
7.45 1.19290254037
7.47 1.19764008281
7.49 1.11533998535
7.51 0.95458676877
7.53 1.09367881867
7.55 1.02015550583
7.57 1.15833935801
7.59 1.13967509281
7.61 1.02768318721
7.63 1.04828460461
7.65 0.937117206989
7.67 0.849703287124
7.69 1.01699207473
7.71 1.02972296243
7.73 0.958077180442
7.75 1.0091185877
7.7700000000000005 0.83114243493
7.79 0.98872581117
7.8100000000000005 1.00895218278
7.83 0.983674849171
7.8500000000000005 0.93588396331
7.87 1.03137312819
7.890000000000001 1.07381387527
7.91 1.02615758772
7.930000000000001 0.978741684975
7.95 1.05825710479
7.97 1.00356480969
7.99 0.97139193515
8.01 1.03553670379
8.03 0.93704004863
8.05 1.08191073879
8.07 0.903028701257
8.09 1.02529653862
8.11 0.942407715928
8.13 0.903651797292
8.15 1.13406243961
8.17 0.93548672903
8.19 1.09235304257
8.21 0.880413413679
8.23 0.993457352578
8.25 1.13467925679
8.27 0.967159798453
8.290000000000001 0.993413932999
8.31 0.991023045073
8.33 1.03131890295
8.35 1.00756215366
8.370000000000001 0.849426420624
8.39 0.939203402566
8.41 1.06377781434
8.43 0.962859610781
8.45 0.911499889824
8.47 0.937327513621
8.49 1.03281848529
8.51 0.960770154139
8.53 0.951571690373
8.55 0.921627666378
8.57 1.00243716005
8.59 1.15874025575
8.61 1.0390675283
8.63 1.11904302812
8.65 1.05481085516
8.67 1.03871037041
8.69 0.968140849606
8.71 0.999928983613
8.73 1.09943801144
8.75 0.893790749107
8.77 0.918775259526
8.790000000000001 1.04475101137
8.81 1.0827294378
8.83 1.03330848212
8.85 1.21842301657
8.870000000000001 0.955173785334
8.89 1.01300550185
8.91 0.977483888582
8.93 1.05491056678
8.950000000000001 0.880437603076
8.97 0.997365821474
8.99 0.929243213597
9.01 0.894301778695
9.03 0.905443412151
9.05 1.11948301386
9.07 0.829595544707
9.09 0.932056267977
9.11 1.07308850915
9.13 0.98637666062
9.15 1.00364605355
9.17 1.07252822369
9.19 1.10242886566
9.21 0.990674690243
9.23 0.937175943058
9.25 1.05044203519
9.27 1.08013228584
9.290000000000001 0.97576602845
9.31 0.986397571426
9.33 1.13033801986
9.35 0.931484646767
9.370000000000001 1.04331230719
9.39 0.971684121101
9.41 0.963322678459
9.43 0.810490623136
9.450000000000001 1.10344536927
9.47 1.00726994161
9.49 0.930229339615
9.51 1.04041338633
9.53 0.913891022798
9.55 0.893365337042
9.57 0.854352561308
9.59 1.04409033261
9.61 0.955604723203
9.63 1.00899157067
9.65 0.920945484537
9.67 0.931294613388
9.69 1.03942969892
9.71 1.0861023404
9.73 1.00471082409
9.75 1.09987653372
9.77 1.20678107215
9.790000000000001 1.01065692585
9.81 0.930082966069
9.83 1.03668044438
9.85 0.992470692219
9.870000000000001 0.948440108257
9.89 1.09029764374
9.91 0.998418900508
9.93 0.80547950989
9.950000000000001 0.911041849678
9.97 1.02806582358
9.99 1.07938375342
10.01 1.07130831207
10.03 1.09280021686
10.05 0.919662575404
10.07 1.01197306537
10.09 1.00409527011
10.11 0.955226640226
10.13 1.12295346742
10.15 0.951462200264
10.17 0.996196782241
10.19 1.05819859633
10.21 1.13156328144
10.23 1.07143559874
10.25 1.10980669512
10.27 0.899961916535
10.290000000000001 1.02488374395
10.31 0.85624407691
10.33 0.957824908426
10.35 1.01321799347
10.370000000000001 1.05697070156
10.39 0.997912535779
10.41 1.0016867185
10.43 1.02248789175
10.450000000000001 0.895799413253
10.47 1.1317572653
10.49 1.08441550286
10.51 1.04289116795
10.53 0.900246804764
10.55 0.93785130844
10.57 1.00894500577
10.59 0.923119576805
10.61 0.887874774866
10.63 1.14816401926
10.65 1.06256066969
10.67 0.938409211782
10.69 1.00316147837
10.71 0.907244521524
10.73 1.04359516743
10.75 1.0802333578
10.77 0.962702994127
10.790000000000001 0.971900484933
10.81 1.00846796321
10.83 0.891721268023
10.85 1.0156713058
10.870000000000001 0.899340967651
10.89 1.03914335465
10.91 0.917765929397
10.93 0.926927838554
10.950000000000001 1.0929674478
10.97 1.01536268493
10.99 1.0189059278
11.01 0.952480130102
11.03 0.999096434086
11.05 0.836435193015
11.07 1.10252787035
11.09 0.966978918285
11.11 0.90657729816
11.13 0.883655328949
11.15 1.12118573892
11.17 0.891099265611
11.19 1.05893642249
11.21 0.940771964787
11.23 1.02878549453
11.25 1.09542031204
11.27 0.983077299096
11.290000000000001 0.902619022873
11.31 0.990077466533
11.33 0.920349403317
11.35 0.955267946208
11.370000000000001 0.84415952857
11.39 0.983123454476
11.41 1.00217056248
11.43 0.912297352545
11.450000000000001 1.0348907046
11.47 0.991762739756
11.49 0.984879994096
11.51 0.947136288644
11.53 1.06368005356
11.55 0.907948591552
11.57 0.998553250088
11.59 0.971270374403
11.61 1.03083493139
11.63 1.05453405138
11.65 0.889983798004
11.67 1.07122716272
11.69 1.02884867803
11.71 1.11310404991
11.73 0.90916868806
11.75 0.988298603945
11.77 0.961450393557
11.790000000000001 1.00002129558
11.81 0.988294334394
11.83 0.951565819047
11.85 1.08495408827
11.870000000000001 1.0182382931
11.89 0.936798036472
11.91 1.03471691943
11.93 1.02801601153
11.950000000000001 1.03125343183
11.97 1.08892635125
11.99 1.10193418707
12.01 0.927437856257
12.030000000000001 0.945595895678
12.05 0.880107984905
12.07 0.952279503785
12.09 1.03891385292
12.11 1.0127358396
12.13 0.947569135258
12.15 0.931380340096
12.17 0.968796308535
12.19 0.996368829525
12.21 0.989884401234
12.23 1.12390992139
12.25 1.049527016
12.27 0.989872537237
12.290000000000001 1.04611114288
12.31 0.972217185491
12.33 0.932198995189
12.35 0.993055143124
12.370000000000001 1.05371450481
12.39 0.956375994166
12.41 1.13625328731
12.43 1.01526274937
12.450000000000001 1.00411413566
12.47 0.869470023212
12.49 1.00564199214
12.51 0.942466113099
12.530000000000001 1.09700066549
12.55 0.915857658221
12.57 0.975674703069
12.59 0.912947864232
