0.01 0.0
0.03 1.56968680002
0.05 0.470906040006
0.07 0.336361457147
0.09 0.26161446667
0.11 0.0
0.13 0.36223541539
0.15 0.0
0.17 0.138501776472
0.19 0.123922642107
0.21 0.112120485716
0.23 0.511854391311
0.25 0.376724832005
0.27 0.348819288894
0.29 0.162381393106
0.31 0.227857761293
0.33 0.285397600004
0.35000000000000003 0.605450622865
0.37 0.509087610818
0.39 0.664098261548
0.41000000000000003 0.746558356108
0.43 0.821347744197
0.45 0.837166293345
0.47000000000000003 0.751445808521
0.49 1.05713600818
0.51 0.784843400011
0.53 0.93292706039
0.55 0.899002440012
0.5700000000000001 0.82615094738
0.59 0.877960413571
0.61 1.11936681641
0.63 0.710096409534
0.65 0.978035621552
0.67 0.808271561205
0.6900000000000001 0.989585156535
0.71 1.09435910706
0.73 1.09663050412
0.75 1.38132438402
0.77 1.1008193143
0.79 1.0729504709
0.81 1.07552614076
0.8300000000000001 0.822667178325
0.85 1.30191669884
0.87 1.24492401381
0.89 0.608474096638
0.91 1.11258020441
0.93 0.759525870978
0.9500000000000001 0.793104909485
0.97 0.873846259806
0.99 0.832409666678
1.01 0.652741045553
1.03 0.754364044671
1.05 0.874539788583
1.07 1.12225271216
1.09 0.90725016882
1.11 0.784843400011
1.1300000000000001 0.812625467268
1.1500000000000001 0.757544499141
1.17 0.88546434873
1.19 0.63315097816
1.21 0.953487436377
1.23 0.89969853172
1.25 0.847630872012
1.27 0.778663530719
1.29 0.784843400011
1.31 0.629072954207
1.33 0.885161729335
1.35 1.06389883113
1.37 0.876503943078
1.3900000000000001 0.711440779866
1.41 0.901734970225
1.43 0.757401323087
1.45 0.682001851044
1.47 0.928998310217
1.49 0.916528534241
1.51 0.85761033776
1.53 0.81562157256
1.55 0.820287940656
1.57 1.01979651976
1.59 0.918118694352
1.61 1.06758201616
1.6300000000000001 1.05448285032
1.6500000000000001 1.01316148001
1.67 0.916433910192
1.69 0.73840296214
1.71 0.784843400011
1.73 1.00714008556
1.75 0.941812080013
1.77 0.944472566115
1.79 0.960227400013
1.81 1.04067633151
1.83 0.913506252472
1.85 0.86544893839
1.87 0.994694576484
1.8900000000000001 0.934337380965
1.9100000000000001 0.850589443991
1.93 0.91497287566
1.95 0.893514024628
1.97 1.18324106499
1.99 1.04119928444
2.0100000000000002 0.784843400011
2.0300000000000002 0.974288358634
2.05 0.78101489562
2.07 0.818967026098
2.09 0.980115442119
2.11 0.836918317547
2.13 0.961709518323
2.15 0.799445137685
2.17 0.94398215393
2.19 0.817097238367
2.21 0.948204469696
2.23 1.03472627625
2.25 0.889489186679
2.27 0.964631315432
2.29 0.88423404892
2.31 0.94792774287
2.33 0.869054065248
2.35 0.941812080013
2.37 0.894125392417
2.39 0.86693998997
2.41 0.918364476361
2.43 1.00770016792
2.45 0.663112586948
2.47 1.02951118058
2.49 1.01178606989
2.5100000000000002 1.05062702153
2.5300000000000002 1.07954744349
2.5500000000000003 0.895644821189
2.57 1.01693716811
2.59 1.04544777222
2.61 0.947224793116
2.63 0.895258631191
2.65 0.968467138881
2.67 0.996486564059
2.69 0.79651393384
2.71 1.05997300518
2.73 0.974585760453
2.75 1.06167907201
2.77 0.850010902539
2.79 0.945187750551
2.81 0.846290214246
2.83 1.02334704807
2.85 0.89224302317
2.87 0.861413487817
2.89 0.920629455376
2.91 0.833390414444
2.93 0.900025195917
2.95 0.973737913234
2.97 0.97510846668
2.99 0.960711319077
3.0100000000000002 1.01690673091
3.0300000000000002 1.15006755645
3.0500000000000003 0.864614368536
3.0700000000000003 0.943345975909
3.09 1.03629808157
3.11 0.984208765287
3.13 0.970397430684
3.15 0.911913283822
3.17 0.772464166572
3.19 1.03333613795
3.21 0.997557966369
3.23 0.984091569673
3.25 0.854875580319
3.27 0.878448576159
3.29 0.987614491199
3.31 1.02432733778
3.33 0.88383265767
3.35 0.934783631655
3.37 0.943209427313
3.39 0.757061332754
3.41 1.12547924518
3.43 0.851200422169
3.45 0.887214278273
3.47 0.963525326814
3.49 0.883792138121
3.5100000000000002 0.965961107706
3.5300000000000002 1.06720915582
3.5500000000000003 0.928547121139
3.5700000000000003 0.936535821862
3.59 1.01657989138
3.61 0.96529215957
3.63 0.992405290923
3.65 0.845050564943
3.67 0.872523452873
3.69 1.02093450408
3.71 0.913887732627
3.73 0.858488223068
3.75 0.841352124812
3.77 0.943061167652
3.79 1.00020939896
3.81 0.994958955919
3.83 0.989763347794
3.85 0.996853045728
3.87 0.930860776757
3.89 1.01686651312
3.91 0.861119740677
3.93 0.946605016807
3.95 1.04314629115
3.97 1.05568356576
3.99 0.891062807531
4.01 0.974693299764
4.03 0.958171098772
4.05 0.988321318532
4.07 0.850407713525
4.09 0.852006038153
4.11 0.956706918261
4.13 0.934970830037
4.15 1.00989488098
4.17 1.05586845901
4.19 0.949679245359
4.21 0.961945829942
4.23 0.929566296467
4.25 0.864251085188
4.2700000000000005 1.02011261594
4.29 0.938519030782
4.3100000000000005 1.06527468447
4.33 1.06579196122
4.3500000000000005 0.887684948978
4.37 0.845906730904
4.39 0.954684226892
4.41 0.961032734707
4.43 0.962008953061
4.45 1.04763366204
4.47 0.837517453703
4.49 1.02256879511
4.51 1.01803412197
4.53 0.904389083456
4.55 0.890064163529
4.57 1.02527682671
4.59 0.907956090209
4.61 1.0214881562
4.63 0.976392653145
4.65 0.896240527754
4.67 0.962987726352
4.69 0.994023410675
4.71 0.85482943568
4.73 1.01050661862
4.75 1.01120875959
4.7700000000000005 0.997096646555
4.79 0.992933403771
4.8100000000000005 0.998594928912
4.83 0.935962315541
4.8500000000000005 0.985504393003
4.87 1.03463955402
4.89 0.929293105534
4.91 0.896735534432
4.93 0.936080972021
4.95 0.956081960013
4.97 1.032771798
4.99 0.915388494602
5.01 0.982229165283
5.03 1.09534804534
5.05 0.890525283577
5.07 0.933452801196
5.09 0.957539786654
5.11 0.995261297861
5.13 0.968432499428
5.15 0.8869492404
5.17 0.888072319161
5.19 1.04797008903
5.21 0.944523631107
5.23 1.04445699122
5.25 1.04047810744
5.2700000000000005 0.947173439102
5.29 1.07711967563
5.3100000000000005 0.864657983063
5.33 0.989521134723
5.3500000000000005 1.09144577497
5.37 0.920766000013
5.39 0.886771114298
5.41 0.922662481344
5.43 0.979970212168
5.45 0.885648974324
5.47 0.959890739684
5.49 0.994992725697
5.51 0.901644051192
5.53 1.03037307126
5.55 1.00544803137
5.57 0.951111840228
5.59 0.985617293037
5.61 1.04086183531
5.63 1.00788948172
5.65 1.03766021205
5.67 0.992473929114
5.69 0.988985444302
5.71 0.97315083574
5.73 0.945099382212
5.75 1.0073294421
5.7700000000000005 1.08137002255
5.79 0.866174322292
5.8100000000000005 0.883455393472
5.83 0.965236222655
5.8500000000000005 0.982060459501
5.87 0.982725551973
5.89 0.955403595599
5.91 0.980058255851
5.93 0.901312572356
5.95 0.981384016148
5.97 0.993872044235
5.99 1.02593052122
6.01 0.995092630296
6.03 0.941031141306
6.05 0.969054578195
6.07 0.996893346636
6.09 1.03228171331
6.11 0.91714924322
6.13 0.910315917468
6.15 1.02221067221
6.17 0.980736242153
6.19 1.03082016835
6.21 0.887214278273
6.23 0.986408318152
6.25 1.03599328801
6.2700000000000005 0.968849747382
6.29 1.0556081342
6.3100000000000005 1.00002233535
6.33 0.933628878686
6.3500000000000005 1.07900517828
6.37 1.05713600818
6.390000000000001 1.05382728828
6.41 1.04686600157
6.43 0.988682976685
6.45 0.985617293037
6.47 0.938900759827
6.49 0.917867705097
6.51 0.900580675588
6.53 0.948302362341
6.55 0.913054459249
6.57 0.99270146942
6.59 1.07543792141
6.61 1.06149773012
6.63 0.9553071249
6.65 1.0409501937
6.67 1.11901960032
6.69 1.02064836773
6.71 1.05620505247
6.73 0.965602281142
6.75 1.04296967379
6.7700000000000005 0.900773001194
6.79 1.07496960532
6.8100000000000005 0.94388655596
6.83 1.06177935814
6.8500000000000005 0.883378483808
6.87 1.00418828036
6.890000000000001 0.991021419462
6.91 0.940449110288
6.93 0.910554247632
6.95 1.12475399484
6.97 0.986402895853
6.99 1.0307385425
7.01 1.01100369502
7.03 1.07511265179
7.05 0.91843376597
7.07 0.885862847537
7.09 0.963065949237
7.11 1.1093778017
7.13 1.14919566565
7.15 0.908881587705
7.17 0.981875215913
7.19 1.02499019835
7.21 0.911115014992
7.23 0.986753320345
7.25 1.00351700939
7.2700000000000005 1.00399499589
7.29 0.868818414004
7.3100000000000005 0.966291463762
7.33 0.91547217873
7.3500000000000005 0.938608637564
7.37 0.99037226867
7.390000000000001 1.08008895509
7.41 1.08352874252
7.43 0.953854091803
7.45 1.03662537666
7.47 0.926682568687
7.49 1.05938141176
7.51 1.053424963
7.53 1.00685089563
7.55 0.997946574848
7.57 0.998420335813
7.59 1.01750448697
7.61 0.962232447057
7.63 0.962796097523
7.65 1.086469491
7.67 0.963914579935
7.69 0.918542340715
7.71 0.922267341647
7.73 1.01430602408
7.75 1.08460294376
7.7700000000000005 1.00908437144
7.79 1.0850787443
7.8100000000000005 0.919502830999
7.83 1.02540842683
7.8500000000000005 1.00779891364
7.87 1.0082295774
7.890000000000001 0.999705471497
7.91 1.04182752214
7.930000000000001 0.935279965965
7.95 0.92108036756
7.97 0.974899580942
7.99 0.95183135746
8.01 1.0405788899
8.03 1.00280115618
8.05 0.918413022124
8.07 0.921972172503
8.09 1.0302888638
8.11 1.04226429323
8.13 1.04549249965
8.15 1.05159385621
8.17 0.930860776757
8.19 1.01770902419
8.21 0.917721880646
8.23 0.929796251532
8.25 1.05597112001
8.27 0.99647590086
8.290000000000001 1.02815432137
8.31 1.003012865
8.33 0.969512435307
8.35 1.02358618277
8.370000000000001 1.02957951399
8.39 0.98222356378
8.41 1.07787648872
8.43 1.01107939788
8.45 0.994754179185
8.47 0.975726210403
8.49 1.00393396044
8.51 1.0347759046
8.53 1.03234970083
8.55 1.01891950177
8.57 0.906645234552
8.59 0.986764693844
8.61 1.04190012336
8.63 0.935809801403
8.65 0.920036078163
8.67 0.972228156415
8.69 0.918510630392
8.71 1.05156400438
8.73 0.954757950529
8.75 1.03868417967
8.77 1.00678315281
8.790000000000001 0.975027295576
8.81 1.02893771511
8.83 0.98927599571
8.85 0.941812080013
8.870000000000001 0.921107079381
8.89 1.0488121026
8.91 1.11516469631
8.93 0.996654440775
8.950000000000001 0.994427280014
8.97 1.01583409968
8.99 0.966431194451
9.01 1.0609758726
9.03 0.988224746193
9.05 1.04067633151
9.07 0.952715086452
9.09 1.07754077361
9.11 1.07259059606
9.13 1.02124201447
9.15 1.01386327739
9.17 1.11179015988
9.19 1.10937059479
9.21 1.01492778438
9.23 0.956607611064
9.25 1.04872047828
9.27 1.01597851134
9.290000000000001 0.958032740164
9.31 0.998968237393
9.33 0.948878194225
9.35 0.97706707766
9.370000000000001 0.962417360312
9.39 1.06066695912
9.41 0.988352209365
9.43 0.953796963322
9.450000000000001 0.914404850171
9.47 1.02932999241
9.49 0.967615150698
9.51 0.99281452178
9.53 1.03767333055
9.55 1.00344899624
9.57 1.04809808277
9.59 1.01890514391
9.61 1.1049876381
9.63 1.00489295142
9.65 1.02964947608
9.67 0.993431563199
9.69 0.996240848311
9.71 0.972365201043
9.73 1.03086317083
9.75 0.965961107706
9.77 1.01700280902
9.790000000000001 1.04619064046
9.81 0.938451894202
9.83 0.91738053572
9.85 0.968106325902
9.870000000000001 1.01146991369
9.89 1.05703883601
9.91 0.962244935432
9.93 1.05515200304
9.950000000000001 1.0553974565
9.97 1.00132477915
9.99 0.968680592806
10.01 0.9832104132
10.03 1.05402199383
10.05 1.05661006987
10.07 1.00541011521
10.09 1.01975193004
10.11 0.975814197639
10.13 0.964590358355
10.15 0.960369953511
10.17 1.01636062715
10.19 1.05595711621
10.21 0.982399476213
10.23 1.03111390969
10.25 0.996942543233
10.27 0.96748952718
10.290000000000001 0.956456388351
10.31 1.01854555695
10.33 0.945914843188
10.35 0.939537171607
10.370000000000001 0.892314723831
10.39 0.935920089137
10.41 1.08566234007
10.43 1.00005453367
10.450000000000001 1.07700041686
10.47 1.07719194443
10.49 1.043714531
10.51 0.945396521802
10.53 1.02856969802
10.55 0.917262476032
10.57 1.04249776123
10.59 1.08721932749
10.61 1.06741661283
10.63 0.996743734727
10.65 1.05014257748
10.67 1.03272739795
10.69 1.03520036858
10.71 0.947528026344
10.73 0.926012809332
10.75 0.957143904571
10.77 0.979414605027
10.790000000000001 0.999420603906
10.81 1.03895550917
10.83 0.945725426606
10.85 1.04597562803
10.870000000000001 1.05054935328
10.89 0.966460054559
10.91 0.992744172333
10.93 1.1158706712
10.950000000000001 1.00201924495
10.97 0.983021724353
10.99 1.05407539437
11.01 1.01794402835
11.03 1.00969427436
11.05 1.06539828056
11.07 0.999665035244
11.09 1.08490976755
11.11 0.96003796635
11.13 0.992160524542
11.15 0.99882760952
11.17 0.868456976198
11.19 0.986840628968
11.21 1.05229226603
11.23 1.00009875816
11.25 1.02762162508
11.27 1.0404223954
11.290000000000001 1.02398080444
11.31 0.943061167652
11.33 1.0827098272
11.35 1.13888729499
11.370000000000001 1.03541345648
11.39 0.967445244614
11.41 0.953368056455
11.43 1.01555852022
11.450000000000001 1.00144646936
11.47 1.048966811
11.49 1.07787892534
11.51 1.12305567317
11.53 0.959782475295
11.55 0.968313285728
11.57 1.00530502923
11.59 1.01779088026
11.61 1.07282211526
11.63 0.923186389694
11.65 0.935748912116
11.67 0.988620221093
11.69 0.976858124051
11.71 1.00736091393
11.73 1.0217015105
11.75 0.989904611758
11.77 1.01222793646
11.790000000000001 0.958587358792
11.81 0.994843835577
11.83 0.935443105676
11.85 0.943799025329
11.870000000000001 1.03742147819
11.89 1.07132114232
11.91 0.948929047872
11.93 1.02036220739
11.950000000000001 1.01865448821
11.97 0.955974667682
11.99 0.995618691757
12.01 1.01160498186
12.030000000000001 1.06081078006
12.05 1.05514216433
12.07 1.01828066646
12.09 0.985436130038
12.11 1.02463865848
12.13 1.0210081494
12.15 1.07940191063
12.17 1.0350646319
12.19 1.01791420461
12.21 0.987321427041
12.23 0.98955725496
12.25 1.03022709161
12.27 1.0036017071
12.290000000000001 1.01729498472
12.31 1.07493580213
12.33 1.05791543456
12.35 0.976129119366
12.370000000000001 0.974550899286
12.39 1.06039374626
12.41 1.00176627366
12.43 0.971740943376
12.450000000000001 1.00611250315
12.47 0.962959424231
12.49 0.995349836363
12.51 1.04457574822
12.530000000000001 1.04666665716
12.55 1.08252105611
12.57 1.00212701433
12.59 1.0024052321
