0.01 0.0
0.03 0.0
0.05 0.0
0.07 0.0
0.09 0.0
0.11 0.0
0.13 0.0
0.15 0.0
0.17 0.0
0.19 0.0
0.21 0.0
0.23 0.0
0.25 0.0
0.27 0.0
0.29 0.201740558434
0.31 0.188725038535
0.33 0.0
0.35000000000000003 0.668625850811
0.37 0.63248391293
0.39 0.300024420236
0.41000000000000003 0.142694541332
0.43 0.952403101446
0.45 0.520042328409
0.47000000000000003 0.871347518345
0.49 0.716384840155
0.51 1.26186741452
0.53 1.876567836
0.55 1.17009523892
0.5700000000000001 1.53959899858
0.59 1.78489104242
0.61 2.01409836208
0.63 1.39297052252
0.65 1.5301245432
0.67 2.18301350545
0.6900000000000001 2.11973775167
0.71 1.89522468276
0.73 1.92344422836
0.75 1.71613968375
0.77 2.27940630958
0.79 2.14764316004
0.81 2.31129923737
0.8300000000000001 2.18511761485
0.85 2.34019047784
0.87 1.41218390904
0.89 1.84059925223
0.91 2.50734694054
0.93 1.57270865446
0.9500000000000001 2.03227067812
0.97 1.99036818992
0.99 1.53648869757
1.01 1.73776520632
1.03 1.87442441186
1.05 2.17303401514
1.07 1.74967512362
1.09 2.03961555408
1.11 2.10827970977
1.1300000000000001 1.50144964286
1.1500000000000001 1.42446376912
1.17 1.85015059145
1.19 1.08160064102
1.21 1.93404171722
1.23 1.56963995465
1.25 1.35731047715
1.27 1.38200225069
1.29 1.63269103105
1.31 1.83106506854
1.33 1.53959899858
1.35 1.51679012453
1.37 1.4519429972
1.3900000000000001 1.30478246067
1.41 1.78418777566
1.43 1.59558441671
1.45 1.81566502591
1.47 1.59196631146
1.49 1.53133269523
1.51 1.35607064113
1.53 1.79720510553
1.55 1.50980030828
1.57 1.45330300375
1.59 1.69259059718
1.61 1.88959479577
1.6300000000000001 1.57926964762
1.6500000000000001 1.77287157412
1.67 0.980918164364
1.69 1.62705550974
1.71 1.47117237642
1.73 1.62325351064
1.75 1.80528979719
1.77 1.15687382379
1.79 1.66689545209
1.81 1.42221520753
1.83 1.50258131774
1.85 1.7709549562
1.87 1.12629488238
1.8900000000000001 1.57869992553
1.9100000000000001 1.31712291292
1.93 1.27316062266
1.95 1.1400927969
1.97 1.39579888907
1.99 1.26417324808
2.0100000000000002 1.68819711088
2.0300000000000002 1.15280319105
2.05 1.45548432158
2.07 1.58273752124
2.09 1.45562087138
2.11 1.44182351715
2.13 1.51068634133
2.15 1.60547951387
2.17 1.10538951142
2.19 1.73644270616
2.21 1.45600086291
2.23 0.892000854782
2.25 1.1440931225
2.27 1.46906230437
2.29 1.48177999689
2.31 1.21568336511
2.33 1.53166973335
2.35 1.17009523892
2.37 0.962736588985
2.39 1.49321777352
2.41 1.43227425511
2.43 1.17972565241
2.45 1.55216715367
2.47 1.20799306042
2.49 1.38625741157
2.5100000000000002 0.93234680392
2.5300000000000002 1.271842651
2.5500000000000003 1.35363959012
2.57 1.43416342514
2.59 1.10684684763
2.61 1.34493705623
2.63 1.66838674751
2.65 1.56748607478
2.67 1.18324237644
2.69 1.06570012467
2.71 1.55437005908
2.73 1.39297052252
2.75 1.12754632114
2.77 1.49958054085
2.79 1.21622802612
2.81 1.35331299875
2.83 1.61249873915
2.85 1.3753751054
2.87 1.16194126513
2.89 1.19438787364
2.91 0.965027001171
2.93 1.03830976832
2.95 1.20975948431
2.97 1.33950296711
2.99 1.44794394114
3.0100000000000002 1.01071349541
3.0300000000000002 1.10058463067
3.0500000000000003 1.01664012562
3.0700000000000003 1.3720986515
3.09 1.13601479507
3.11 1.072273772
3.13 1.17757188581
3.15 1.09580347772
3.17 1.08888989111
3.19 1.17376324907
3.21 1.09354695226
3.23 1.15922748128
3.25 1.00808205199
3.27 1.03769914155
3.29 1.49373860288
3.31 1.34331175465
3.33 1.2298298307
3.35 1.13516702283
3.37 1.26731383444
3.39 1.10451467981
3.41 1.30391844806
3.43 1.19397473359
3.45 1.23792684697
3.47 1.28137230775
3.49 1.27402919997
3.5100000000000002 1.10008954086
3.5300000000000002 1.06070956503
3.5500000000000003 1.03825352186
3.5700000000000003 1.29464319152
3.59 1.12446478392
3.61 1.29650441986
3.63 1.20877607326
3.65 1.31435355605
3.67 1.38689762651
3.69 1.30010582102
3.71 1.32463611953
3.73 0.894040598102
3.75 0.96727873084
3.77 1.25699886409
3.79 1.04968966024
3.81 1.15166854224
3.83 1.06927763348
3.85 1.23087940718
3.87 1.13381321601
3.89 1.12798384215
3.91 1.31673121515
3.93 0.967636011829
3.95 1.17009523892
3.97 1.23788413185
3.99 1.04106217999
4.01 1.38602303862
4.03 1.26300602712
4.05 1.35788830196
4.07 1.04934831009
4.09 1.25878216412
4.11 1.03913567447
4.13 0.835782313514
4.15 0.986827309932
4.17 1.29075254173
4.19 1.17288782899
4.21 1.36186856786
4.23 0.981994822261
4.25 1.0599686282
4.2700000000000005 1.13721200036
4.29 0.927348208002
4.3100000000000005 1.23525135431
4.33 0.959315958006
4.3500000000000005 1.25079146229
4.37 1.40572082479
4.39 1.07947282862
4.41 1.18070834766
4.43 1.24141029863
4.45 1.28841947656
4.47 1.12559497256
4.49 1.13361120029
4.51 0.88211171005
4.53 1.11068642988
4.55 1.1958116178
4.57 1.24178597566
4.59 1.21088287252
4.61 1.20562958457
4.63 0.922429292021
4.65 1.13235023121
4.67 1.17761191069
4.69 1.22248756305
4.71 1.18003235348
4.73 1.08846068737
4.75 1.14546165494
4.7700000000000005 1.05480283592
4.79 1.2091798398
4.8100000000000005 1.204152065
4.83 1.17494035378
4.8500000000000005 1.20628375146
4.87 1.15327662152
4.89 1.16052390772
4.91 1.17962758303
4.93 1.03243697552
4.95 1.14645695126
4.97 1.20070135181
4.99 1.21933772392
5.01 1.06266134473
5.03 1.23290353206
5.05 0.903637907285
5.07 0.969309665377
5.09 1.03446533893
5.11 1.24794893388
5.13 1.1176348286
5.15 1.28369671843
5.17 1.33531178136
5.19 1.05962381945
5.21 0.976950919252
5.23 1.16338341155
5.25 1.236957824
5.2700000000000005 1.13235023121
5.29 0.984295616861
5.3100000000000005 1.0797489022
5.33 0.998861789322
5.3500000000000005 1.22477258653
5.37 1.2202110499
5.39 1.09628589175
5.41 1.22200334564
5.43 0.980466544583
5.45 1.18083005763
5.47 1.208599287
5.49 1.15091334976
5.51 1.18920750235
5.53 1.14258847923
5.55 1.02251565924
5.57 0.934815765385
5.59 1.30824601847
5.61 1.03243697552
5.63 1.17425188275
5.65 1.12867593843
5.67 0.959601915516
5.69 1.14130554939
5.71 1.12706196393
5.73 0.908712707364
5.75 1.21079420375
5.7700000000000005 0.973389453521
5.79 1.21253392634
5.8100000000000005 1.08752397421
5.83 1.10386343294
5.8500000000000005 1.12009116888
5.87 1.17607528273
5.89 1.12241733445
5.91 1.08892111913
5.93 1.36149361696
5.95 1.12093157342
5.97 1.2249740776
5.99 1.25995230234
6.01 1.16814832504
6.03 0.989632789136
6.05 1.07339315306
6.07 0.95419628215
6.09 1.13358980454
6.11 1.18733068434
6.13 1.07847277323
6.15 0.960809911633
6.17 0.967177588086
6.19 1.24759750838
6.21 0.923263554059
6.23 0.845173126026
6.25 1.14201295319
6.2700000000000005 1.07305384749
6.29 1.20916042178
6.3100000000000005 1.02916459208
6.33 1.01667042876
6.3500000000000005 1.28986876731
6.37 0.945995365846
6.390000000000001 1.19023772347
6.41 1.17739692528
6.43 1.1282411324
6.45 1.15195422746
6.47 1.08509604846
6.49 1.0366791408
6.51 1.10538951142
6.53 1.24535404449
6.55 1.04504689278
6.57 1.2288671459
6.59 1.10084832797
6.61 1.06211368132
6.63 1.04126122317
6.65 1.04692731903
6.67 1.16658670747
6.69 1.11062851527
6.71 1.04628486342
6.73 1.06056180645
6.75 0.936076191136
6.7700000000000005 1.17528029906
6.79 1.00810856372
6.8100000000000005 1.05669393823
6.83 1.1735215793
6.8500000000000005 1.00781925688
6.87 0.936757469295
6.890000000000001 1.13782846165
6.91 1.08373509828
6.93 1.09749192684
6.95 0.993318260378
6.97 1.00725558587
6.99 0.970894475785
7.01 1.08496705463
7.03 1.13181331787
7.05 1.25308071686
7.07 1.15851013754
7.09 1.0067109954
7.11 0.880451410439
7.13 1.0174741208
7.15 1.03099300772
7.17 1.06075579539
7.19 0.935750712627
7.21 1.16847236064
7.23 1.06004478768
7.25 1.15395599425
7.2700000000000005 0.893263903164
7.29 1.05132013922
7.3100000000000005 1.0084268133
7.33 1.05356460803
7.3500000000000005 0.899460965972
7.37 0.93671124961
7.390000000000001 1.05292738008
7.41 0.821119465909
7.43 0.984265847005
7.45 0.926652605319
7.47 0.916339644937
7.49 1.03105855499
7.51 0.965990743183
7.53 1.2042812884
7.55 1.17009523892
7.57 0.981519784299
7.59 1.04059853264
7.61 1.0148000758
7.63 1.01980777704
7.65 0.963607843816
7.67 1.06025579016
7.69 0.981419283619
7.71 0.925756285008
7.73 1.08230025333
7.75 1.09460522351
7.7700000000000005 0.85837102469
7.79 1.02139250637
7.8100000000000005 1.10866898438
7.83 0.933984066826
7.8500000000000005 1.04339702834
7.87 1.00357596731
7.890000000000001 1.00103204851
7.91 0.983708386703
7.930000000000001 1.0033603562
7.95 0.861013477696
7.97 1.09375276411
7.99 0.973858991091
8.01 0.898387730257
8.03 0.932579019812
8.05 0.973868087051
8.07 1.0874491068
8.09 0.961821179087
8.11 1.1325829378
8.13 1.0578351791
8.15 1.07677475974
8.17 0.981046803746
8.19 0.985794523632
8.21 1.02614929601
8.23 0.995220737842
8.25 1.02117402669
8.27 0.898440721541
8.290000000000001 1.01624676963
8.31 0.936357802505
8.33 1.07457726023
8.35 1.00193783931
8.370000000000001 0.894696478983
8.39 1.01110732803
8.41 0.966963366289
8.43 0.81198779925
8.45 1.03854607005
8.47 0.856504189056
8.49 0.861377531596
8.51 0.955600694535
8.53 0.946501424214
8.55 1.06061264347
8.57 1.0581374681
8.59 0.905836244333
8.61 1.08719650538
8.63 0.949092314303
8.65 1.05511478192
8.67 1.0999165164
8.69 0.962736588985
8.71 0.994110765558
8.73 0.965027001171
8.75 1.11660517085
8.77 1.08737470892
8.790000000000001 0.925160626905
8.81 0.876575320871
8.83 0.973975085624
8.85 1.12382028597
8.870000000000001 0.976178666066
8.89 1.03979216957
8.91 1.05059056244
8.93 1.04823761605
8.950000000000001 0.882474062873
8.97 0.926162340728
8.99 0.995687272273
9.01 0.95451720378
9.03 0.868176976829
9.05 1.02787371817
9.07 0.915951069055
9.09 0.894627272882
9.11 1.07248026838
9.13 0.794588223582
9.15 0.863185012318
9.17 1.04632289631
9.19 0.9931167425
9.21 1.0354262972
9.23 1.00148996614
9.25 0.9929997433
9.27 0.959301382502
9.290000000000001 1.00761699799
9.31 1.13741803568
9.33 0.896696780094
9.35 0.994893812771
9.370000000000001 0.974038726102
9.39 0.971964096227
9.41 0.913942614884
9.43 1.03608645228
9.450000000000001 0.897692114515
9.47 0.858728818426
9.49 0.801435095151
9.51 0.916636123023
9.53 0.841044321784
9.55 1.03531987109
9.57 0.917002538338
9.59 0.841882914343
9.61 0.980152619491
9.63 0.923439648576
9.65 1.00034048923
9.67 0.907519575171
9.69 0.947909971674
9.71 0.988133981374
9.73 0.889897715109
9.75 1.00208156359
9.77 1.01799483427
9.790000000000001 0.920299626117
9.81 0.924387166323
9.83 0.916554764973
9.85 1.05130384411
9.870000000000001 0.88913012076
9.89 0.893247629307
9.91 0.86783047488
9.93 0.795381959991
9.950000000000001 0.993698971746
9.97 1.01517791541
9.99 0.901875209177
10.01 0.917607155397
10.03 0.944942316575
10.05 0.908133618266
10.07 0.755274980435
10.09 0.823357403006
10.11 1.04741463029
10.13 1.01069430805
10.15 0.910714520933
10.17 0.920428899839
10.19 0.878432637658
10.21 0.939743482776
10.23 0.972219895486
10.25 0.993154007669
10.27 0.911466593122
10.290000000000001 0.858524689392
10.31 0.902255785588
10.33 0.872191029979
10.35 0.881810904693
10.370000000000001 0.976019654451
10.39 0.900939548735
10.41 0.98912950072
10.43 0.97040496804
10.450000000000001 1.03573023541
10.47 0.905231273663
10.49 1.02062644768
10.51 0.86281999064
10.53 1.09453353308
10.55 0.959367186413
10.57 0.841317295723
10.59 1.00546427518
10.61 0.854687851237
10.63 0.842072302703
10.65 0.895424995042
10.67 0.926645245443
10.69 0.864710232691
10.71 1.04882486402
10.73 1.0577748199
10.75 0.979614618631
10.77 0.956066676183
10.790000000000001 0.889229004554
10.81 0.947116867766
10.83 1.03720353588
10.85 1.00833092018
10.870000000000001 0.828862312758
10.89 0.924042153784
10.91 1.03496050005
10.93 1.00630331618
10.950000000000001 0.961722114181
10.97 1.02396666305
10.99 0.920957581133
11.01 1.00430517782
11.03 0.896401157649
11.05 0.92654600367
11.07 0.909017078113
11.09 0.960132251954
11.11 0.858350692817
11.13 0.888347238892
11.15 0.954965621002
11.17 0.879928380208
11.19 0.946323674015
11.21 0.955073277084
11.23 0.937743290319
11.25 0.863270265159
11.27 0.908459036428
11.290000000000001 0.855029736146
11.31 0.982838618014
11.33 0.898484428826
11.35 0.969065660427
11.370000000000001 0.993088747192
11.39 0.873205402179
11.41 0.943459789488
11.43 0.972520102339
11.450000000000001 1.067903515
11.47 0.97422925298
11.49 0.901248291074
11.51 0.909848165798
11.53 0.887973403343
11.55 1.05865759712
11.57 0.83939416448
11.59 0.85308928118
11.61 0.942324761749
11.63 0.900460222557
11.65 0.883848764163
11.67 0.882334027635
11.69 0.930871319243
11.71 0.929281445086
11.73 0.972585556647
11.75 1.06055440804
11.77 1.02892826872
11.790000000000001 0.858466820751
11.81 0.941228176947
11.83 1.05832789995
11.85 0.913365481857
11.870000000000001 0.975900831113
11.89 1.04806680357
11.91 1.08560473468
11.93 0.956280685622
11.950000000000001 0.969367603791
11.97 0.923759399147
11.99 0.883182811695
12.01 0.979138813584
12.030000000000001 0.977510985133
12.05 1.01472989599
12.07 0.935494536502
12.09 0.871038639394
12.11 1.00004010923
12.13 0.959806069848
12.15 1.00637820961
12.17 0.9181930593
12.19 0.940683621117
12.21 0.987058227754
12.23 1.01414632318
12.25 0.902644898595
12.27 0.953622851605
12.290000000000001 0.947310628743
12.31 0.841213880133
12.33 0.920512880578
12.35 0.890598805332
12.370000000000001 0.926995419678
12.39 0.878279719286
12.41 0.891007252844
12.43 1.03077577363
12.450000000000001 0.949233888602
12.47 1.01339443307
12.49 0.833774829975
12.51 0.944681208081
12.530000000000001 0.891812412744
12.55 0.960317208038
12.57 0.944826306685
12.59 0.961913083624
