0.01 0.0
0.03 0.0
0.05 0.0
0.07 0.0
0.09 0.0
0.11 0.0
0.13 0.0
0.15 0.0
0.17 0.0
0.19 0.0
0.21 0.0
0.23 0.0
0.25 0.0
0.27 0.219230136557
0.29 0.0
0.31 0.381884754002
0.33 0.0
0.35000000000000003 0.338240782116
0.37 0.319957496596
0.39 0.455324129771
0.41000000000000003 0.144371065537
0.43 0.137656132256
0.45 0.65769040967
0.47000000000000003 0.629703583726
0.49 0.362400837981
0.51 0.696378080827
0.53 0.89346621691
0.55 0.322866201111
0.5700000000000001 0.207691708317
0.59 0.501628278562
0.61 1.26147176937
0.63 1.59724813777
0.65 1.18384273741
0.67 1.32519709411
0.6900000000000001 1.28678558414
0.71 1.66738413719
0.73 1.45953214201
0.75 1.10491988825
0.77 0.922474860316
0.79 1.42360835511
0.81 0.949997258412
0.8300000000000001 1.21236906843
0.85 1.53203177782
0.87 1.15662796183
0.89 1.1971443412
0.91 1.1057871723
0.93 0.763769508004
0.9500000000000001 1.18384273741
0.97 1.40352489486
0.99 1.01643063313
1.01 1.23072759829
1.03 1.14936188098
1.05 1.46571005584
1.07 1.10639508169
1.09 0.977484829051
1.11 1.17317748752
1.1300000000000001 0.733353908127
1.1500000000000001 1.23531416077
1.17 1.01183139949
1.19 0.696378080827
1.21 0.880544184847
1.23 1.34746327835
1.25 0.662951932947
1.27 0.605903763239
1.29 1.10124905805
1.31 0.632587722278
1.33 1.15713951776
1.35 1.22768876472
1.37 1.03694254371
1.3900000000000001 0.979438235983
1.41 1.09148621179
1.43 0.910648259543
1.45 1.18384273741
1.47 0.765068435738
1.49 1.11233545797
1.51 1.2936029912
1.53 1.16063013471
1.55 1.14565426201
1.57 1.39497392624
1.59 1.0796050121
1.61 0.735306048078
1.6300000000000001 1.12574002637
1.6500000000000001 1.11209469271
1.67 0.815221046717
1.69 0.910648259543
1.71 1.2461502499
1.73 1.40281942872
1.75 1.15001865919
1.77 0.936372786649
1.79 1.15738815109
1.81 0.915679465397
1.83 0.905672039545
1.85 1.11985123809
1.87 0.822992277341
1.8900000000000001 0.720327591543
1.9100000000000001 1.23962590304
1.93 0.582720518412
1.95 0.849938375573
1.97 0.991543409502
1.99 0.951833356708
2.0100000000000002 0.912913553721
2.0300000000000002 0.93307801963
2.05 0.923974819439
2.07 1.00083323211
2.09 0.934612687426
2.11 1.0099132357
2.13 1.02822021793
2.15 0.963592925795
2.17 0.954711885005
2.19 0.973021428005
2.21 1.0177833489
2.23 0.929024569713
2.25 1.13122750463
2.27 0.912654092714
2.29 1.08561997753
2.31 0.871226256965
2.33 1.11779142588
2.35 0.856396873868
2.37 1.3237060144
2.39 0.891597040724
2.41 0.982442105731
2.43 1.14486849091
2.45 0.748961731828
2.47 1.1023636826
2.49 1.14105324087
2.5100000000000002 1.17912623248
2.5300000000000002 1.31018168567
2.5500000000000003 0.789228491604
2.57 0.852182515253
2.59 0.914164275989
2.61 1.06591204326
2.63 1.14783231193
2.65 0.871129561487
2.67 1.08629764294
2.69 1.12223010423
2.71 1.07026372939
2.73 0.888966158125
2.75 0.90402536311
2.77 1.08981912649
2.79 0.891064426004
2.81 0.67407415653
2.83 1.02488152178
2.85 0.685382637445
2.87 0.989973020827
2.89 1.10601224602
2.91 0.752614798694
2.93 1.05050891374
2.95 0.822670376841
2.97 0.976570608298
2.99 1.02942846731
3.0100000000000002 1.02258841105
3.0300000000000002 0.781414348123
3.0500000000000003 0.912141125542
3.0700000000000003 1.06044544882
3.09 0.99611363018
3.11 1.02777343762
3.13 0.964472517695
3.15 0.808019646166
3.17 1.00832031262
3.19 1.13188725677
3.21 0.958875737463
3.23 1.11787007712
3.25 1.0017130855
3.27 0.995586399959
3.29 1.16944951263
3.31 0.912023861143
3.33 0.888770823878
3.35 0.742110372702
3.37 1.05386593834
3.39 0.942883596164
3.41 0.989428680823
3.43 0.966402234617
3.45 1.23531416077
3.47 1.02349516202
3.49 1.0345903579
3.5100000000000002 1.02869525615
3.5300000000000002 0.939025400775
3.5500000000000003 0.683627496248
3.5700000000000003 1.09430841273
3.59 0.873867201706
3.61 0.80343897691
3.63 0.880544184847
3.65 0.908153332804
3.67 1.0967480401
3.69 1.10684483579
3.71 0.84560195529
3.73 0.96802154131
3.75 0.994427899421
3.77 1.05195574809
3.79 0.999550596226
3.81 0.885551653965
3.83 0.896382229367
3.85 0.937849441321
3.87 0.933002674183
3.89 1.04993764629
3.91 1.04456712124
3.93 1.29529866943
3.95 0.944077119703
3.97 0.849861914762
3.99 0.919777565403
4.01 1.16612937974
4.03 0.940024009851
4.05 0.920766573538
4.07 1.09076419294
4.09 0.99859595209
4.11 0.806510867332
4.13 1.20390786855
4.15 0.927105758209
4.17 1.19235959163
4.19 0.734604085264
4.21 0.95607251952
4.23 0.923565256132
4.25 1.12813249094
4.2700000000000005 1.15057315228
4.29 0.772671250521
4.3100000000000005 1.12616130472
4.33 0.929576283413
4.3500000000000005 1.12941318626
4.37 1.13778935861
4.39 1.10563900304
4.41 0.993246741134
4.43 1.12237911899
4.45 1.10403311466
4.47 0.913704126186
4.49 0.870084862681
4.51 0.971223531796
4.53 0.980002266064
4.55 1.14481495485
4.57 0.932567583077
4.59 1.18642191548
4.61 1.15559486298
4.63 0.971620389231
4.65 1.06927731121
4.67 0.988648110467
4.69 0.984432127054
4.71 0.929982617495
4.73 0.963592925795
4.75 1.09661221991
4.7700000000000005 0.905875469923
4.79 1.0380249472
4.8100000000000005 0.947566432227
4.83 0.992663164905
4.8500000000000005 0.720069293886
4.87 1.10605430291
4.89 1.0773211005
4.91 0.988544852009
4.93 0.924501934891
4.95 1.08817867782
4.97 0.976610708926
4.99 0.925247830838
5.01 0.94518382228
5.03 0.953193456559
5.05 1.07835180041
5.07 1.06242296947
5.09 1.13965214406
5.11 1.08885731229
5.13 1.02692011334
5.15 0.999944836449
5.17 0.755644300472
5.19 1.00364316851
5.21 1.06795793969
5.23 0.939378080351
5.25 1.01472234635
5.2700000000000005 0.909784266887
5.29 1.00704958759
5.3100000000000005 0.958667376807
5.33 1.07723025824
5.3500000000000005 0.951499770251
5.37 0.903865032284
5.39 1.01032960892
5.41 1.12694826204
5.43 0.948382303447
5.45 1.12953802468
5.47 1.01719577071
5.49 0.948799279524
5.51 0.902384663721
5.53 1.16671662186
5.55 0.810558991377
5.57 1.05206850093
5.59 0.974181859046
5.61 1.15007895167
5.63 0.998801599055
5.65 1.04764844018
5.67 1.00219490997
5.69 0.780212700399
5.71 1.14030386265
5.73 1.04335180173
5.75 0.833837058521
5.7700000000000005 1.02586025772
5.79 0.920085029072
5.8100000000000005 1.1614291916
5.83 1.01530251922
5.8500000000000005 1.04218634148
5.87 1.07897080837
5.89 1.02505907653
5.91 1.10171489945
5.93 0.988199249605
5.95 0.984877571455
5.97 1.16004690349
5.99 1.06723719232
6.01 1.00459200678
6.03 1.01107630143
6.05 0.909895657675
6.07 0.887394473673
6.09 0.865041080699
6.11 0.988150239078
6.13 0.994582397657
6.15 0.895100606331
6.17 1.11285054732
6.19 1.09012982281
6.21 0.981769741971
6.23 0.931112265375
6.25 0.956544931824
6.2700000000000005 1.10454226696
6.29 1.05397763585
6.3100000000000005 0.881784606309
6.33 1.21563630223
6.3500000000000005 0.838943672177
6.37 0.864186613648
6.390000000000001 0.889271539835
6.41 1.06194941343
6.43 1.05864630483
6.45 0.991124152247
6.47 0.99720910647
6.49 1.00325655712
6.51 1.10019179129
6.53 1.33250292801
6.55 1.09347306279
6.57 1.13519166601
6.59 1.11378224157
6.61 0.940268437425
6.63 0.982071652448
6.65 1.09483200527
6.67 0.878563950548
6.69 1.02635095321
6.71 0.961541418608
6.73 0.932298143871
6.75 0.929535779
6.7700000000000005 0.95301963351
6.79 0.967647598321
6.8100000000000005 1.06910908004
6.83 0.935981080819
6.8500000000000005 0.898683537885
6.87 1.15454823008
6.890000000000001 0.884875195594
6.91 1.09646794781
6.93 0.811436219723
6.95 0.775033734561
6.97 1.24838509612
6.99 0.914556621172
7.01 0.844395675753
7.03 1.044071831
7.05 1.01592178175
7.07 1.20561070853
7.09 0.918354732825
7.11 0.94074704168
7.13 0.996221097396
7.15 1.0431061882
7.17 0.924619153343
7.19 0.954977451593
7.21 1.05905487604
7.23 0.745018596846
7.25 1.10219841069
7.2700000000000005 0.822339177978
7.29 0.998715066536
7.3100000000000005 0.97169034534
7.33 1.02556635505
7.3500000000000005 1.03082905026
7.37 1.13244115315
7.390000000000001 0.9051030401
7.41 1.03047039896
7.43 0.916163625852
7.45 1.09644495142
7.47 1.01426954744
7.49 0.987852751507
7.51 0.811822915798
7.53 0.872553412032
7.55 0.932962157293
7.57 0.907039349664
7.59 0.896850558641
7.61 1.05005761859
7.63 0.930937932429
7.65 1.09872986086
7.67 1.05727806405
7.69 1.11610661199
7.71 0.959664994654
7.73 0.918894750897
7.75 0.908885714524
7.7700000000000005 1.06652498865
7.79 1.02579441303
7.8100000000000005 0.894324219039
7.83 0.944957485158
7.8500000000000005 0.942549950164
7.87 1.14322805645
7.890000000000001 0.982784528518
7.91 0.965333205596
7.930000000000001 0.933041249532
7.95 0.930693975948
7.97 1.04718836872
7.99 1.05938367615
8.01 0.842434906768
8.03 1.1204489171
8.05 1.06619376971
8.07 0.990203033146
8.09 1.03897199451
8.11 1.12399372109
8.13 0.844561854484
8.15 0.951431893252
8.17 1.03604352172
8.19 0.881738790986
8.21 1.11751293726
8.23 0.963760187195
8.25 0.947074189925
8.27 0.959098711078
8.290000000000001 0.956784842053
8.31 0.968728112438
8.33 1.13694380543
8.35 1.04915404273
8.370000000000001 1.10322262267
8.39 0.980656379615
8.41 0.992400867861
8.43 0.968981600012
8.45 1.04374300517
8.47 1.13212823766
8.49 1.02488152178
8.51 0.945961294284
8.53 1.0339540907
8.55 1.00384325686
8.57 0.939338461419
8.59 1.13698516689
8.61 0.941849332315
8.63 1.04254980351
8.65 1.06066834854
8.67 0.955813052115
8.69 1.07622067037
8.71 0.910648259543
8.73 0.915342322736
8.75 0.953839005567
8.77 1.06640337805
8.790000000000001 1.00337069325
8.81 1.03468661499
8.83 0.96530778135
8.85 1.16377760626
8.870000000000001 1.15448023434
8.89 0.89886822019
8.91 1.14265404508
8.93 1.02741111029
8.950000000000001 0.992046986653
8.97 0.976637263858
8.99 1.12590160232
9.01 0.992010284952
9.03 0.793161523954
9.05 0.954922871057
9.07 1.00502635921
9.09 0.931185431513
9.11 1.15005578771
9.13 0.901172730008
9.15 1.02211558749
9.17 0.948881583417
9.19 0.901730050255
9.21 1.0090299119
9.23 1.01325651414
9.25 1.13264953795
9.27 1.09827913071
9.290000000000001 0.974854353192
9.31 0.998191781808
9.33 1.02777343762
9.35 0.987590732809
9.370000000000001 0.99811714253
9.39 0.983383743532
9.41 1.04419710101
9.43 0.922719418869
9.450000000000001 0.858129391664
9.47 1.01882981097
9.49 0.829563140542
9.51 0.908733121247
9.53 1.03725990108
9.55 0.979304463404
9.57 0.93396161624
9.59 0.975219773254
9.61 0.985509042585
9.63 0.983462294833
9.65 1.07956643411
9.67 1.00387905344
9.69 1.16673871437
9.71 0.92049564031
9.73 1.02202250711
9.75 1.01385506229
9.77 1.15718507085
9.790000000000001 0.991574100789
9.81 1.0076541139
9.83 0.981517630708
9.85 0.937459223529
9.870000000000001 0.989534202999
9.89 1.02942846731
9.91 0.907891503964
9.93 0.894141040337
9.950000000000001 0.981578149105
9.97 1.15178280369
9.99 0.983573045092
10.01 0.910648259543
10.03 0.956044483847
10.05 0.95414190776
10.07 0.928734620209
10.09 0.844763895869
10.11 1.04801112757
10.13 0.964136484067
10.15 1.03221755922
10.17 1.03600790196
10.19 0.981694909821
10.21 1.05513897261
10.23 1.02993160928
10.25 1.03947167187
10.27 0.997102208234
10.290000000000001 0.95489744611
10.31 0.94730383934
10.33 0.91681915772
10.35 1.20099987853
10.370000000000001 1.09023125769
10.39 0.934312843766
10.41 0.995064740855
10.43 0.913704126186
10.450000000000001 0.991255880603
10.47 1.01762986023
10.49 0.970547906739
10.51 1.03628479392
10.53 0.983724971728
10.55 1.03235575205
10.57 1.01920235671
10.59 0.816057788769
10.61 0.976307629812
10.63 1.04129158935
10.65 1.07824174205
10.67 1.06512561191
10.69 1.08528146179
10.71 1.09430841273
10.73 1.04262011822
10.75 1.07922407689
10.77 1.00027566485
10.790000000000001 0.943563256876
10.81 0.952768900595
10.83 0.983802828869
10.85 0.976533870948
10.870000000000001 0.914837073984
10.89 1.11970433382
10.91 1.00371634473
10.93 1.16976226569
10.950000000000001 1.07572924541
10.97 0.933476725484
10.99 1.1310599402
11.01 1.02148101774
11.03 0.992796493291
11.05 0.910648259543
11.07 1.02663868827
11.09 0.982087753303
11.11 1.03359806956
11.13 1.05301375564
11.15 1.08828592452
11.17 1.02274685908
11.19 0.904544718929
11.21 0.96629447344
11.23 1.09107500732
11.25 1.02599703908
11.27 1.06094158366
11.290000000000001 0.99614756469
11.31 0.905414648856
11.33 1.05009880944
11.35 1.1004000775
11.370000000000001 0.885018757076
11.39 1.01338601314
11.41 0.980483248772
11.43 0.963231623611
11.450000000000001 1.03392378813
11.47 1.03212095676
11.49 0.953050071454
11.51 0.982250055797
11.53 1.00108123935
11.55 0.983973184337
11.57 0.992504282873
11.59 0.939719860581
11.61 1.03497017956
11.63 0.972115059521
11.65 1.00601228329
11.67 0.918061420182
11.69 0.951935135296
11.71 1.03624150798
11.73 0.918411671815
11.75 1.00752573396
11.77 1.06113346471
11.790000000000001 1.06435394542
11.81 0.93725060074
11.83 1.21086197148
11.85 0.984038055987
11.870000000000001 1.07214064255
11.89 0.911031206666
11.91 1.00890040174
11.93 0.977439309593
11.950000000000001 0.960943477225
11.97 0.993953175516
11.99 0.992295205248
12.01 1.06949989183
12.030000000000001 0.944712408902
12.05 0.992266526788
12.07 0.985718269339
12.09 0.94981592662
12.11 1.00690175023
12.13 1.03452044654
12.15 1.01820218979
12.17 1.006801342
12.19 0.942024163481
12.21 1.05198146608
12.23 1.10834009348
12.25 0.898754078194
12.27 0.969651141885
12.290000000000001 1.00178718218
12.31 1.08190339527
12.33 1.01773990401
12.35 0.944198458579
12.370000000000001 1.11015163734
12.39 0.931595374472
12.41 0.973021428005
12.43 1.09050678546
12.450000000000001 1.08875496733
12.47 0.977833215339
12.49 1.05683318832
12.51 0.955780307578
12.530000000000001 1.10542378513
12.55 1.02348156979
12.57 0.838202097288
12.59 0.897990321066
