0.01 0.0
0.03 0.0
0.05 0.0
0.07 0.335846584749
0.09 0.26121401036
0.11 0.213720553931
0.13 0.0
0.15 0.0
0.17 0.138289770191
0.19 0.123732952276
0.21 0.223897723166
0.23 0.204428355934
0.25 0.470185218649
0.27 0.348285347147
0.29 0.324265668034
0.31 0.227508976766
0.33 0.926122400369
0.35000000000000003 0.403015901699
0.37 0.571846887546
0.39 0.542521406133
0.41000000000000003 0.516056947298
0.43 0.874763197486
0.45 0.731399229009
0.47000000000000003 1.00039408223
0.49 1.58327675667
0.51 1.0141249814
0.53 1.02021321028
0.55 1.36781154516
0.5700000000000001 0.948619300783
0.59 0.757077894435
0.61 0.886414756469
0.63 1.08217232864
0.65 1.3743875622
0.67 1.36844951696
0.6900000000000001 1.43099849154
0.71 1.42380030999
0.73 1.32038314826
0.75 0.971716118541
0.77 1.09913427736
0.79 1.24985944198
0.81 1.1029035993
0.8300000000000001 1.44454494886
0.85 1.41055565595
0.87 1.45919550615
0.89 1.05659599696
0.91 0.955871048901
0.93 0.985872232651
0.9500000000000001 0.965117027753
0.97 0.993690410547
0.99 0.87862894394
1.01 0.791400863072
1.03 0.707560280491
1.05 1.18665793278
1.07 0.703080700783
1.09 0.948997689016
1.11 1.01661668897
1.1300000000000001 1.16506071878
1.1500000000000001 0.981256108485
1.17 1.02476265603
1.19 1.10631816153
1.21 1.04917362839
1.23 1.05122711487
1.25 0.808718576076
1.27 1.12918497392
1.29 1.0570055303
1.31 1.2203280484
1.33 0.760073849695
1.35 0.888127635226
1.37 0.858002223812
1.3900000000000001 1.03170137905
1.41 1.01706731694
1.43 0.756241960065
1.45 0.989010287503
1.47 1.02353244876
1.49 0.8835695384
1.51 1.24552375801
1.53 1.10631816153
1.55 1.13754488383
1.57 0.823572835213
1.59 0.887141921979
1.61 0.919927601704
1.6300000000000001 1.09613731955
1.6500000000000001 1.0401066958
1.67 1.11211473872
1.69 0.834648317128
1.71 1.05860414725
1.73 0.896885099157
1.75 1.08814293459
1.77 1.0227192609
1.79 1.05069322603
1.81 1.14299169174
1.83 0.976340891183
1.85 0.889539602849
1.87 0.917741202176
1.8900000000000001 1.01997851665
1.9100000000000001 1.07084068122
1.93 0.925753280241
1.95 0.952426468545
1.97 0.99049170426
1.99 0.909654819999
2.0100000000000002 0.760249731646
2.0300000000000002 0.938054253955
2.05 1.00917803027
2.07 0.885856209049
2.09 1.00111206841
2.11 0.991622854496
2.13 1.08164674713
2.15 1.24653755642
2.17 1.00753975425
2.19 0.998338477953
2.21 1.04249211375
2.23 0.980431061308
2.25 0.888127635226
2.27 1.07707627179
2.29 1.08820159775
2.31 0.977008246543
2.33 0.958532098104
2.35 1.08042560881
2.37 1.12090569003
2.39 0.944305041638
2.41 0.98524288555
2.43 0.938435518702
2.45 0.959561670712
2.47 1.06600697345
2.49 1.02912025769
2.5100000000000002 1.00218761744
2.5300000000000002 1.12435595764
2.5500000000000003 0.921931801272
2.57 1.07941353698
2.59 1.11646297092
2.61 1.08989293978
2.63 1.01009372067
2.65 0.83391340666
2.67 1.1710605633
2.69 0.838992211715
2.71 1.03232548006
2.73 1.02476265603
2.75 1.05150512534
2.77 0.874171074383
2.79 0.851052098271
2.81 0.895192498139
2.83 1.05500923619
2.85 0.965117027753
2.87 1.08126217529
2.89 0.862277390602
2.91 1.0421631135
2.93 0.98690754085
2.95 1.08381677519
2.97 1.07651834573
2.99 0.982828634299
3.0100000000000002 1.06221245409
3.0300000000000002 0.985371662845
3.0500000000000003 0.986618163722
3.0700000000000003 0.957217464676
3.09 1.02710363297
3.11 0.937346738142
3.13 1.14166378969
3.15 0.99261323937
3.17 1.11242559617
3.19 0.980166678375
3.21 1.02532602198
3.23 1.01169884508
3.25 1.05610833727
3.27 1.0568383355
3.29 0.900354674008
3.31 1.1506043115
3.33 0.995437174617
3.35 0.933352747467
3.37 1.08128648206
3.39 1.15119094831
3.41 1.15133330666
3.43 0.91843759911
3.45 0.899484766111
3.47 1.04335048519
3.49 0.970009620135
3.5100000000000002 1.02476265603
3.5300000000000002 0.952358162419
3.5500000000000003 0.98672672646
3.5700000000000003 1.0009545271
3.59 0.923344231608
3.61 0.983351357562
3.63 0.964980682902
3.65 0.927488650485
3.67 1.00570952763
3.69 1.00025852748
3.71 0.893478649993
3.73 1.0903759092
3.75 0.97798525479
3.77 1.09751456873
3.79 1.06691105023
3.81 0.950243092807
3.83 0.871622729088
3.85 0.995327151166
3.87 1.00233283045
3.89 1.17848480253
3.91 1.02815437838
3.93 0.993012039386
3.95 1.0236944001
3.97 1.0895979878
3.99 1.08413634375
4.01 1.10804247288
4.03 1.01504005018
4.05 0.99261323937
4.07 1.1379175439
4.09 1.0001494871
4.11 1.00672260927
4.13 1.10430910918
4.15 0.940370437298
4.17 1.07680307868
4.19 1.05483080079
4.21 1.03306728563
4.23 1.03374055164
4.25 0.956965209721
4.2700000000000005 0.930460210207
4.29 0.959002485589
4.3100000000000005 1.00909820708
4.33 1.00443724538
4.3500000000000005 0.989010287503
4.37 1.07055902187
4.39 0.985353988968
4.41 1.01287065242
4.43 0.870320269282
4.45 1.01961513707
4.47 1.04660915561
4.49 1.03147536831
4.51 1.0321138946
4.53 0.923763453858
4.55 0.950704178367
4.57 1.14716962537
4.59 0.875835211209
4.61 0.948529833717
4.63 0.964742889236
4.65 1.02631827296
4.67 0.976615978778
4.69 0.982476576281
4.71 1.08811441258
4.73 1.08351350598
4.75 1.14824179712
4.7700000000000005 1.00049894534
4.79 0.952149607702
4.8100000000000005 0.904202343555
4.83 0.934529627128
4.8500000000000005 1.05185765409
4.87 0.926853819102
4.89 1.02883064203
4.91 1.01506381215
4.93 1.0824750977
4.95 0.987863893727
4.97 1.03592115578
4.99 0.970522595608
5.01 0.891568777877
5.03 1.10769281133
5.05 1.05209761797
5.07 1.04331039641
5.09 1.07616066744
5.11 1.00753975425
5.13 1.03110793563
5.15 0.931240627227
5.17 1.00494132806
5.19 0.905944544603
5.21 0.897954496268
5.23 0.9529566573
5.25 0.971716118541
5.2700000000000005 0.932340708706
5.29 1.0799150107
5.3100000000000005 1.04042868533
5.33 1.07181058285
5.3500000000000005 0.975524472337
5.37 1.08133844512
5.39 1.12094249715
5.41 1.10810749312
5.43 0.965481618404
5.45 1.06115196135
5.47 0.954123569836
5.49 0.954929906728
5.51 1.036796807
5.53 0.969278750922
5.55 0.940370437298
5.57 0.915890416937
5.59 1.03037011242
5.61 1.08117456695
5.63 1.11909092893
5.65 0.915404850467
5.67 0.978515975319
5.69 0.867652863939
5.71 0.876965425326
5.73 0.943652707585
5.75 1.07529315221
5.7700000000000005 1.07156596624
5.79 0.93387392305
5.8100000000000005 0.954937277118
5.83 0.996018430585
5.8500000000000005 0.972519853957
5.87 1.05731599424
5.89 0.866130665932
5.91 0.998447460921
5.93 1.09815603344
5.95 0.999637481665
5.97 1.11442560199
5.99 1.1146293998
6.01 1.11874353189
6.03 0.947388127128
6.05 1.07248859791
6.07 0.906287818483
6.09 1.01912067096
6.11 0.961917386761
6.13 0.97028434191
6.15 0.993887454054
6.17 1.05925033051
6.19 1.04443404789
6.21 0.97671325613
6.23 1.01131331138
6.25 1.03064599928
6.2700000000000005 0.858631699127
6.29 1.00166644354
6.3100000000000005 0.920251576912
6.33 0.987908911221
6.3500000000000005 0.955179420562
6.37 1.01861161968
6.390000000000001 1.00070719462
6.41 1.0452635516
6.43 0.972544853504
6.45 0.991398290484
6.47 0.948364312731
6.49 0.985287977446
6.51 0.946148443057
6.53 0.95765136417
6.55 0.933192037013
6.57 1.03769949321
6.59 0.977471547115
6.61 1.0100801974
6.63 1.07085924609
6.65 1.00400452704
6.67 1.00099401871
6.69 0.973402881657
6.71 0.991523225616
6.73 1.01652227806
6.75 1.01002750673
6.7700000000000005 0.951482643351
6.79 1.05255012128
6.8100000000000005 0.904467894905
6.83 0.970660553872
6.8500000000000005 0.916346375031
6.87 1.06766949213
6.890000000000001 1.00656487301
6.91 0.932205136829
6.93 0.946476738839
6.95 1.11964969333
6.97 0.957909627663
6.99 1.03925059058
7.01 1.02287083943
7.03 1.04671389358
7.05 1.06041772717
7.07 0.94103548004
7.09 0.954960105577
7.11 1.11098617065
7.13 1.02873624277
7.15 0.983114548084
7.17 0.99020875894
7.19 1.04630924873
7.21 0.906459714177
7.23 1.09579819284
7.25 0.920914497216
7.2700000000000005 1.02832805729
7.29 0.95455984033
7.3100000000000005 0.980892556005
7.33 0.914070854808
7.3500000000000005 0.981951443029
7.37 1.07498248768
7.390000000000001 0.957549058277
7.41 0.99303625801
7.43 1.05680930706
7.45 1.03819420762
7.47 1.00709016043
7.49 1.06089855743
7.51 1.01737813622
7.53 1.1020941712
7.55 1.00576043459
7.57 1.00931437293
7.59 0.923025001037
7.61 0.905152884784
7.63 0.924348398392
7.65 0.925004907276
7.67 1.02374095847
7.69 1.01802131216
7.71 0.990987004286
7.73 1.04924903256
7.75 1.02227366893
7.7700000000000005 0.995437174617
7.79 1.00797087952
7.8100000000000005 0.954217121074
7.83 1.06887572056
7.8500000000000005 0.955344488847
7.87 0.970839873322
7.890000000000001 0.965399308252
7.91 1.04320487829
7.930000000000001 0.901237745708
7.95 0.955156135997
7.97 0.929161504858
7.99 1.00039408223
8.01 1.00376619712
8.03 0.966134010922
8.05 1.01922137459
8.07 0.990476916608
8.09 1.08973706424
8.11 0.997186900217
8.13 1.00051713193
8.15 1.0730607444
8.17 1.11071905997
8.19 1.0879132959
8.21 0.93349805895
8.23 0.928373001585
8.25 1.11134688044
8.27 0.966523424067
8.290000000000001 1.13150725115
8.31 1.02128076975
8.33 1.01882871508
8.35 0.965709760458
8.370000000000001 1.02800352464
8.39 0.874241884496
8.41 0.944843067202
8.43 0.990010395138
8.45 1.02383526901
8.47 0.979783838153
8.49 0.99685912081
8.51 1.05252977853
8.53 1.0721104927
8.55 0.973365891238
8.57 0.927203056612
8.59 1.00714878034
8.61 0.980235153861
8.63 0.988859990553
8.65 0.99200927634
8.67 0.892104595937
8.69 0.954979184022
8.71 1.04185702869
8.73 0.980225770837
8.75 0.943057209976
8.77 1.00524205811
8.790000000000001 0.960162079038
8.81 1.02202575904
8.83 0.939837951206
8.85 1.02803208823
8.870000000000001 0.940900522099
8.89 1.01018421554
8.91 0.973615856798
8.93 1.13729011454
8.950000000000001 1.00603876392
8.97 0.943515488927
8.99 1.08785901534
9.01 1.07761651111
9.03 0.937246283021
9.05 1.0208993974
9.07 0.995320418749
9.09 1.0241658228
9.11 0.996111385282
9.13 0.999079215968
9.15 1.02258861761
9.17 0.994721182311
9.19 1.13581195365
9.21 1.00571648289
9.23 0.998443151194
9.25 0.998825896913
9.27 0.895228598614
9.290000000000001 1.02236183172
9.31 0.926734560924
9.33 1.00537996914
9.35 0.985628907542
9.370000000000001 0.978507125256
9.39 1.06154703252
9.41 1.0268125657
9.43 1.08197446921
9.450000000000001 0.997588744329
9.47 0.997964402834
9.49 1.00081574465
9.51 1.04320800352
9.53 0.98674757324
9.55 1.00191300518
9.57 0.977710120283
9.59 1.02960266857
9.61 1.0078892304
9.63 1.03997353658
9.65 0.974477137096
9.67 0.99191090594
9.69 1.026255663
9.71 1.00235159897
9.73 1.09452160354
9.75 0.913847168553
9.77 1.09244672091
9.790000000000001 0.984555360807
9.81 1.02808082977
9.83 0.932717371684
9.85 0.945143891294
9.870000000000001 1.03374055164
9.89 1.00550226233
9.91 0.965516569072
9.93 1.01802439083
9.950000000000001 1.00888989127
9.97 0.995076039467
9.99 0.903659279085
10.01 1.02632837437
10.03 0.953965024876
10.05 0.991833496055
10.07 1.03422071431
10.09 0.955282158801
10.11 1.03012884204
10.13 0.963113848664
10.15 1.02838540434
10.17 0.864549025441
10.19 0.975899644202
10.21 0.994711138376
10.23 1.05251627635
10.25 1.03440748103
10.27 0.972875939269
10.290000000000001 0.945853646845
10.31 0.982782877001
10.33 0.960397687656
10.35 1.02668463203
10.370000000000001 0.938556800967
10.39 1.03178277047
10.41 0.980117122448
10.43 1.00528575032
10.450000000000001 0.958367957629
10.47 1.00593590236
10.49 1.01746467715
10.51 1.01329164628
10.53 1.04708863982
10.55 0.980481024671
10.57 0.991970707272
10.59 0.981217500674
10.61 0.963857540586
10.63 1.01512236764
10.65 0.940370437298
10.67 0.971657363749
10.69 1.04681087033
10.71 0.97241854277
10.73 0.948696177423
10.75 1.00160386112
10.77 1.0019267194
10.790000000000001 0.982639173358
10.81 0.991695003256
10.83 1.11142581694
10.85 0.938203685138
10.870000000000001 1.01866254822
10.89 0.990886204591
10.91 0.993379403286
10.93 1.05823937592
10.950000000000001 0.880255432174
10.97 0.936512946899
10.99 0.91555629473
11.01 0.954463182271
11.03 1.04864518393
11.05 0.970155926262
11.07 1.12767999595
11.09 1.00269435717
11.11 0.988193056296
11.13 0.999090783562
11.15 1.06055230933
11.17 0.95762880253
11.19 1.00844014724
11.21 0.994057955573
11.23 0.971353256692
11.25 0.925742452717
11.27 1.04717382326
11.290000000000001 1.00783722686
11.31 1.0455489168
11.33 1.02710363297
11.35 1.01493725611
11.370000000000001 0.988340081417
11.39 0.930875915762
11.41 1.01372097973
11.43 0.948186289576
11.450000000000001 0.995807122466
11.47 0.994070754336
11.49 0.95755736435
11.51 0.986531106027
11.53 0.988897792908
11.55 0.93222870191
11.57 0.9956385356
11.59 1.05882952603
11.61 1.081304508
11.63 0.95613761144
11.65 1.02916077902
11.67 0.966961889252
11.69 1.0558051317
11.71 1.00381131223
11.73 1.04418797492
11.75 0.964379895271
11.77 0.920796031424
11.790000000000001 0.96110803812
11.81 0.993321016536
11.83 0.961832822595
11.85 1.00583926521
11.870000000000001 1.0338529239
11.89 1.06770402889
11.91 1.01064161187
11.93 1.01880032708
11.950000000000001 1.02693173278
11.97 0.972187482169
11.99 0.917625864586
12.01 0.980694398597
12.030000000000001 0.986880862085
12.05 1.07108583003
12.07 1.0264606886
12.09 0.921703034076
12.11 1.01142237372
12.13 1.03107393372
12.15 1.05840047161
12.17 1.01802633619
12.19 1.00478465511
12.21 0.981959301846
12.23 0.959208602231
12.25 1.00178238422
12.27 0.963745578567
12.290000000000001 0.956438605876
12.31 0.981621455668
12.33 1.00290926606
12.35 0.980345698802
12.370000000000001 0.925546489418
12.39 1.02082182257
12.41 1.00023285837
12.43 0.994840808565
12.450000000000001 0.966806554009
12.47 0.96148541103
12.49 1.00135522947
12.51 1.04485604144
12.530000000000001 0.977519947789
12.55 0.977835394959
12.57 0.987501175205
12.59 0.980330578994
