0.01 0.0
0.03 0.787448033563
0.05 0.0
0.07 0.0
0.09 0.262482677854
0.11 0.429517109216
0.13 0.181718776976
0.15 0.157489606713
0.17 0.416884253063
0.19 0.373001700109
0.21 0.0
0.23 0.205421226147
0.25 0.472468820138
0.27 0.174988451903
0.29 0.0814601414031
0.31 0.609637187274
0.33 0.572689478955
0.35000000000000003 0.472468820138
0.37 0.446929964995
0.39 0.90859388488
0.41000000000000003 0.806654083162
0.43 0.879011758396
0.45 0.524965355709
0.47000000000000003 1.20630337056
0.49 1.39812201877
0.51 1.38961417688
0.53 1.29260337585
0.55 1.15969619488
0.5700000000000001 1.28478363371
0.59 1.000993263
0.61 0.851992954347
0.63 1.19992081305
0.65 1.09031266186
0.67 1.5161312885
0.6900000000000001 1.19829048586
0.71 1.36417053702
0.73 1.10026985512
0.75 1.00793348296
0.77 0.951073598979
0.79 1.07651123576
0.81 1.2540839053
0.8300000000000001 1.16694106179
0.85 1.30623732626
0.87 1.08613521871
0.89 1.08827087785
0.91 0.67495545734
0.93 0.990660429321
0.9500000000000001 0.944937640275
0.97 1.04722470443
0.99 0.930620403302
1.01 0.958971367606
1.03 0.779802907023
1.05 0.944937640275
1.07 0.905197272226
1.09 0.823569502992
1.11 0.936424688561
1.1300000000000001 1.08709640032
1.1500000000000001 1.00656400812
1.17 0.948975835319
1.19 1.1315429726
1.21 1.17141029786
1.23 0.749035934365
1.25 1.07722890991
1.27 0.948657867206
1.29 1.08045195303
1.31 1.08198966444
1.33 1.26110098608
1.35 0.734951497992
1.37 0.793195829428
1.3900000000000001 1.34262722269
1.41 1.07226966272
1.43 0.792954663168
1.45 1.05898183824
1.47 0.916010977818
1.49 0.967134162027
1.51 1.12641573013
1.53 1.0344905539
1.55 1.21927437455
1.57 0.962993773529
1.59 1.02516819464
1.61 0.98308729656
1.6300000000000001 1.17392559605
1.6500000000000001 0.987889351197
1.67 1.32970266745
1.69 1.11826939678
1.71 0.939411689163
1.73 0.983172111269
1.75 1.10692695004
1.77 1.02768641668
1.79 0.963414074583
1.81 1.17464623791
1.83 0.80035701772
1.85 1.21309561927
1.87 0.821135649972
1.8900000000000001 0.862443084378
1.9100000000000001 1.16261960976
1.93 0.918009365553
1.95 1.0297397362
1.97 1.00729393126
1.99 0.890330691214
2.0100000000000002 0.904977590811
2.0300000000000002 0.896061555434
2.05 1.04865030811
2.07 1.06134300176
2.09 0.881640382075
2.11 1.0748105861
2.13 1.04253683317
2.15 1.24160410873
2.17 0.903569402568
2.19 0.992400261476
2.21 0.865836525592
2.23 0.953412417318
2.25 1.10242724699
2.27 1.07190062718
2.29 1.05222313655
2.31 1.10447256656
2.33 1.02402040416
2.35 0.944937640275
2.37 0.996769662738
2.39 1.02796563377
2.41 0.980225767921
2.43 0.874942259514
2.45 1.00279096519
2.47 1.0137994926
2.49 0.910783267735
2.5100000000000002 0.941172948482
2.5300000000000002 0.999094145351
2.5500000000000003 1.05610677443
2.57 1.09384804662
2.59 0.994191146622
2.61 1.19474874058
2.63 1.03296415049
2.65 0.944937640275
2.67 0.999793570703
2.69 1.01870600624
2.71 0.993753606932
2.73 1.11627248714
2.75 1.09956379959
2.77 0.997813212204
2.79 0.889054231442
2.81 0.933167954365
2.83 0.993353173081
2.85 0.936648713606
2.87 0.946583873098
2.89 1.01360092902
2.91 1.07157876732
2.93 0.975575550114
2.95 0.872866125339
2.97 1.1056088552
2.99 0.876990619319
3.0100000000000002 0.910405035481
3.0300000000000002 1.02914000426
3.0500000000000003 0.921701468793
3.0700000000000003 0.900307035116
3.09 0.986221323588
3.11 1.09381849035
3.13 1.14720863676
3.15 1.06492972158
3.17 0.961332457378
3.19 1.04417090344
3.21 0.934634581892
3.23 0.99467120029
3.25 1.12665641725
3.27 0.989728262368
3.29 1.01961356322
3.31 1.09909665108
3.33 0.950612941418
3.35 0.98019650745
3.37 0.995409086937
3.39 0.968630766949
3.41 1.07379277304
3.43 1.01243318601
3.45 1.02025875653
3.47 0.837372692751
3.49 0.967951880798
3.5100000000000002 0.942245510246
3.5300000000000002 1.03059770965
3.5500000000000003 1.07802744876
3.5700000000000003 0.972729923813
3.59 0.835703901915
3.61 0.961951752912
3.63 0.891573393373
3.65 0.96435416713
3.67 1.06852621448
3.69 0.934694413823
3.71 0.986963168751
3.73 0.988004503237
3.75 1.0394314043
3.77 1.06524800296
3.79 1.0409273478
3.81 0.998260892942
3.83 0.882024037594
3.85 0.987889351197
3.87 0.976679731551
3.89 1.13562557025
3.91 0.876061111509
3.93 0.979801751685
3.95 0.897092696464
3.97 1.10084044994
3.99 1.07163980507
4.01 1.20768214624
4.03 1.00824611742
4.05 1.073262505
4.07 1.13183562564
4.09 1.02811063551
4.11 1.04035105164
4.13 0.989553339998
4.15 1.03032357163
4.17 1.0367121593
4.19 0.981021177852
4.21 0.987583281998
4.23 0.982913857497
4.25 1.06166523113
4.2700000000000005 1.01796560779
4.29 1.11233918028
4.3100000000000005 0.959188439955
4.33 0.807452487071
4.3500000000000005 1.11871927527
4.37 0.99467120029
4.39 0.957852505518
4.41 0.948151713882
4.43 0.885212462109
4.45 0.950246278704
4.47 0.94070973137
4.49 0.94704217845
4.51 1.02141263777
4.53 0.980398876224
4.55 0.944937640275
4.57 1.10621802527
4.59 0.900675855382
4.61 0.999256181419
4.63 1.01534876034
4.65 0.889054231442
4.67 1.10276448383
4.69 1.07287695831
4.71 1.01314969923
4.73 1.10375908299
4.75 0.89023072426
4.7700000000000005 1.00535818122
4.79 0.922251245989
4.8100000000000005 1.03628816059
4.83 1.01732416758
4.8500000000000005 0.910841952224
4.87 1.08658127013
4.89 0.879236454653
4.91 0.938201832249
4.93 1.07814893033
4.95 1.07856518536
4.97 1.00292677112
4.99 1.07465352877
5.01 0.990204114061
5.03 1.10367964943
5.05 0.973005094937
5.07 1.10429102932
5.09 1.03033475511
5.11 0.919973534319
5.13 1.03151087437
5.15 0.940350564352
5.17 1.12405541348
5.19 0.842068706411
5.21 1.02474043523
5.23 0.939517347884
5.25 0.913439718933
5.2700000000000005 0.945834165551
5.29 0.982449342441
5.3100000000000005 0.969851250377
5.33 0.913026050172
5.3500000000000005 1.09065232312
5.37 1.08219115227
5.39 1.00366753072
5.41 0.943190990293
5.43 0.887510490866
5.45 0.988283403591
5.47 1.1185504974
5.49 1.14889958995
5.51 1.0632692141
5.53 0.99961757606
5.55 0.970476495418
5.57 0.928821109606
5.59 1.00579230047
5.61 1.06115991689
5.63 1.03221429622
5.65 1.0327415803
5.67 1.05409710313
5.69 0.884322132595
5.71 0.992929219204
5.73 0.874026089609
5.75 1.11749147024
5.7700000000000005 1.14227730345
5.79 0.901689199054
5.8100000000000005 1.05715915005
5.83 0.996803857237
5.8500000000000005 0.916670274968
5.87 0.961840272682
5.89 0.92247732285
5.91 0.979313544279
5.93 0.940157180038
5.95 0.992581554911
5.97 1.08026790534
5.99 0.903133220464
6.01 0.900127785454
6.03 1.08518957859
6.05 1.02693636113
6.07 0.906797653147
6.09 0.977521696837
6.11 0.935658383579
6.13 0.959581861454
6.15 0.998714579153
6.17 0.907415805289
6.19 1.03805750466
6.21 1.0537348082
6.23 1.02001695519
6.25 0.997854148131
6.2700000000000005 0.904246545718
6.29 0.905127071965
6.3100000000000005 0.913489636399
6.33 0.981511056052
6.3500000000000005 1.04166354046
6.37 1.09402120833
6.390000000000001 0.953810294175
6.41 1.01717156286
6.43 0.988290144767
6.45 0.992550777189
6.47 0.931062976315
6.49 0.997353287502
6.51 1.08138024886
6.53 0.940596426002
6.55 1.05313660672
6.57 1.01037852708
6.59 1.05032901594
6.61 0.993542602105
6.63 0.90859388488
6.65 0.877442094541
6.67 1.02002264018
6.69 0.932225474711
6.71 1.11251972551
6.73 0.923174589125
6.75 0.930938564123
6.7700000000000005 0.956103816231
6.79 1.1028911339
6.8100000000000005 1.02333555022
6.83 0.971916094134
6.8500000000000005 1.03115457826
6.87 1.00408220874
6.890000000000001 0.932594478066
6.91 1.04955085226
6.93 0.934029269248
6.95 1.0027215967
6.97 1.00323364965
6.99 1.06457566769
7.01 0.970549359484
7.03 0.98459007326
7.05 1.04546292116
7.07 1.08260182266
7.09 0.932942663177
7.11 1.04993071142
7.13 1.0536120954
7.15 0.974673440144
7.17 0.915943737784
7.19 1.01853500864
7.21 1.0026037376
7.23 0.970423510241
7.25 0.948196045932
7.2700000000000005 0.978081945402
7.29 1.08233598029
7.3100000000000005 1.05352144572
7.33 0.976521504105
7.3500000000000005 1.11206946781
7.37 0.996864335569
7.390000000000001 0.990969785133
7.41 1.04567997979
7.43 0.902968673749
7.45 0.979817888742
7.47 0.989844315282
7.49 0.984047208832
7.51 1.0569209292
7.53 1.08548613392
7.55 0.907390449271
7.57 1.07038841022
7.59 0.967969717146
7.61 1.08649203054
7.63 1.07125957908
7.65 0.969641892309
7.67 1.00715322155
7.69 0.909302800785
7.71 1.04482404453
7.73 1.01156002242
7.75 1.03028684649
7.7700000000000005 0.991150806724
7.79 1.12810270277
7.8100000000000005 0.967925879924
7.83 0.995623950482
7.8500000000000005 0.981049906783
7.87 0.993565307914
7.890000000000001 1.00302316062
7.91 0.913877743124
7.930000000000001 0.881782917785
7.95 0.930080130208
7.97 0.995919219362
7.99 0.987513053354
8.01 1.07352465999
8.03 0.96788444474
8.05 1.12981674381
8.07 1.03041527068
8.09 1.03078796977
8.11 1.03989746479
8.13 0.947262210116
8.15 0.973923457462
8.17 0.983105256101
8.19 1.06146841154
8.21 1.06176001602
8.23 0.996030866268
8.25 1.04515829909
8.27 1.02263505205
8.290000000000001 1.09995756679
8.31 0.94948607657
8.33 1.03228481711
8.35 1.0722495978
8.370000000000001 1.0922666272
8.39 0.954510905999
8.41 0.955049933691
8.43 0.972400240734
8.45 0.981281395671
8.47 1.0040659696
8.49 1.03509070136
8.51 0.993794580548
8.53 1.03023681765
8.55 1.10242724699
8.57 0.986836858864
8.59 1.01754053231
8.61 0.894453167044
8.63 0.985450609789
8.65 0.9722479767
8.67 0.956381521732
8.69 0.978646577961
8.71 0.946564972607
8.73 1.03910668346
8.75 1.00163389869
8.77 1.02897998456
8.790000000000001 0.959450334409
8.81 0.99481232844
8.83 1.02733877085
8.85 1.01700915521
8.870000000000001 0.964113375929
8.89 0.924742122654
8.91 0.975693186367
8.93 1.0052528088
8.950000000000001 1.01092490566
8.97 0.934929939514
8.99 1.05109859875
9.01 1.05663115713
9.03 0.9784238025
9.05 1.00497511466
9.07 0.966295106235
9.09 0.987558589947
9.11 0.993169912803
9.13 1.10225475016
9.15 0.978500999083
9.17 1.08714199617
9.19 1.03850600291
9.21 0.969561422432
9.23 1.05704020973
9.25 0.94749152579
9.27 0.981124572562
9.290000000000001 0.981555245281
9.31 0.979446641102
9.33 1.02039086021
9.35 0.975256495044
9.370000000000001 0.968132480965
9.39 0.97110204778
9.41 1.11213436409
9.43 0.984518803362
9.450000000000001 0.964936320493
9.47 1.02027321772
9.49 0.940954762972
9.51 0.936491825404
9.53 0.986582321169
9.55 1.0414103313
9.57 1.05898183824
9.59 1.05430998446
9.61 1.02753364629
9.63 0.956712564142
9.65 0.915561340578
9.67 1.00650027868
9.69 1.04342959246
9.71 1.04614620319
9.73 1.04642374861
9.75 0.995818897829
9.77 1.02521381647
9.790000000000001 0.953141899665
9.81 0.989728262368
9.83 0.973295382278
9.85 0.971319147999
9.870000000000001 0.864038723757
9.89 0.988888228195
9.91 0.905843348397
9.93 0.973009805822
9.950000000000001 0.961557146511
9.97 0.931194816019
9.99 0.967165903085
10.01 0.988833344844
10.03 0.880874071443
10.05 1.08362251783
10.07 1.04158965313
10.09 1.06996159962
10.11 1.00942893323
10.13 0.949135290208
10.15 1.01476061862
10.17 1.03134786697
10.19 1.0872810434
10.21 1.02962108208
10.23 0.939857330381
10.25 1.08552592334
10.27 1.07191076039
10.290000000000001 0.961926315052
10.31 0.985264755864
10.33 1.01537345664
10.35 1.12981674381
10.370000000000001 0.979564091896
10.39 1.0686253391
10.41 1.00757039453
10.43 1.08264667318
10.450000000000001 0.981107502104
10.47 0.983745967431
10.49 1.11023416744
10.51 0.932800001699
10.53 0.966923368848
10.55 0.985243037254
10.57 0.92303511219
10.59 0.99044455213
10.61 0.984124498119
10.63 0.913380456616
10.65 0.971555601973
10.67 0.989660555771
10.69 1.04084571695
10.71 1.01243318601
10.73 1.02595745659
10.75 0.953727757859
10.77 1.06601600087
10.790000000000001 1.05966130188
10.81 0.941878175205
10.83 0.922688416058
10.85 0.990660429321
10.870000000000001 1.07359520307
10.89 0.958821021583
10.91 1.00253466418
10.93 1.03960431146
10.950000000000001 1.0463350583
10.97 0.966902918149
10.99 0.967292852875
11.01 1.00630280038
11.03 0.96592673564
11.05 0.989832867528
11.07 0.97097250751
11.09 0.98626268586
11.11 0.944087111346
11.13 0.984840667313
11.15 1.02332932792
11.17 0.972854329737
11.19 0.992226744704
11.21 1.00731532572
11.23 1.01814296058
11.25 1.00163389869
11.27 1.06274042507
11.290000000000001 1.0190093685
11.31 1.09031266186
11.33 1.01124173772
11.35 0.947019000717
11.370000000000001 0.974440970293
11.39 1.04532170917
11.41 0.960672798177
11.43 0.938323903511
11.450000000000001 0.994454023172
11.47 0.910336610727
11.49 0.982768041888
11.51 0.952326379426
11.53 1.07155764498
11.55 1.01856914471
11.57 0.990265245319
11.59 1.06397206261
11.61 1.02144421925
11.63 0.966875143532
11.65 1.01996487781
11.67 0.977731105941
11.69 1.01849566018
11.71 1.01473875546
11.73 1.03113399791
11.75 1.02937887621
11.77 0.991502111929
11.790000000000001 1.00785333558
11.81 1.03615092647
11.83 0.986473360727
11.85 0.982814887459
11.870000000000001 0.997080366003
11.89 1.02917934748
11.91 1.06910450904
11.93 1.05345101556
11.950000000000001 1.06354905956
11.97 0.959147228851
11.99 0.994982294285
12.01 0.99922631403
12.030000000000001 0.989710246673
12.05 1.06452518396
12.07 0.982515939143
12.09 1.02387784017
12.11 0.998778017797
12.13 1.00686883764
12.15 0.974102382259
12.17 1.02879406193
12.19 1.02323025854
12.21 0.955772306094
12.23 1.04885760153
12.25 0.973864302733
12.27 0.985754017565
12.290000000000001 1.04373705995
12.31 0.988308051872
12.33 0.996284616673
12.35 0.939199152581
12.370000000000001 0.979694845314
12.39 1.02959307052
12.41 0.986054991262
12.43 0.973065309375
12.450000000000001 0.990476803662
12.47 0.969944009264
12.49 1.00243584737
12.51 0.989503044573
12.530000000000001 1.03882809216
12.55 0.9919962877
12.57 1.03364300348
12.59 0.968204571847
