0.01 0.0
0.03 0.0
0.05 0.0
0.07 0.0
0.09 0.0
0.11 0.0
0.13 0.0
0.15 0.0
0.17 0.0
0.19 0.0
0.21 0.0
0.23 0.0
0.25 0.0
0.27 0.0
0.29 0.0
0.31 0.0
0.33 0.0
0.35000000000000003 0.168459334155
0.37 0.1593534242
0.39 0.0
0.41000000000000003 0.287613497337
0.43 0.274236125368
0.45 0.26204785313
0.47000000000000003 0.376345320984
0.49 0.601640479124
0.51 0.462437387876
0.53 1.22371403112
0.55 0.964812550159
0.5700000000000001 0.724079594174
0.59 0.89940152981
0.61 1.25654093509
0.63 1.21665074667
0.65 1.08850646685
0.67 1.58402060474
0.6900000000000001 0.939954255791
0.71 1.32869333981
0.73 1.04998626083
0.75 1.57228711878
0.77 0.995441520006
0.79 1.49267764441
0.81 0.655119632824
0.8300000000000001 1.56281550963
0.85 0.971118514539
0.87 1.35541992998
0.89 1.19246494964
0.91 1.10146487717
0.93 1.77516287604
0.9500000000000001 1.05508740865
0.97 1.15490162075
0.99 1.60802091693
1.01 1.16753993969
1.03 0.915895408997
1.05 0.842296670774
1.07 1.04696688984
1.09 1.13594138169
1.11 0.956120545203
1.1300000000000001 1.04355339742
1.1500000000000001 1.07667487482
1.17 1.66299599102
1.19 0.545015492854
1.21 0.877102318327
1.23 1.05458282357
1.25 1.08487811196
1.27 1.25349662029
1.29 0.77700235521
1.31 1.57528766671
1.33 1.10828509312
1.35 1.26656462346
1.37 1.07592640427
1.3900000000000001 1.56945926425
1.41 1.2126682565
1.43 1.319401778
1.45 1.26054053488
1.47 1.36371841935
1.49 1.06841658239
1.51 1.32759342811
1.53 0.924874775752
1.55 0.950980112164
1.57 0.826201829931
1.59 1.14954954439
1.61 1.20851261459
1.6300000000000001 0.687272743638
1.6500000000000001 1.21494913724
1.67 0.882646211889
1.69 0.802424639021
1.71 1.1033593816
1.73 1.22692925454
1.75 1.4150584069
1.77 0.93271269758
1.79 0.95523030261
1.81 1.00982529038
1.83 1.12766494175
1.85 1.30669807844
1.87 1.13507358842
1.8900000000000001 0.967081362741
1.9100000000000001 0.771737787358
1.93 0.733190884404
1.95 0.967561303863
1.97 1.37674887304
1.99 1.1555125182
2.0100000000000002 1.1733485961
2.0300000000000002 0.813251957989
2.05 0.92036319148
2.07 0.797536944308
2.09 1.07201394462
2.11 0.894191726319
2.13 1.16260667234
2.15 1.20663895162
2.17 0.787954950079
2.19 0.996140811555
2.21 0.960446882512
2.23 1.18979126141
2.25 0.917167485954
2.27 1.14285187048
2.29 0.798158853965
2.31 0.995441520006
2.33 1.08811715838
2.35 1.00358752262
2.37 0.870728625906
2.39 0.814102639953
2.41 1.27218252349
2.43 0.776438083347
2.45 1.25141219658
2.47 1.00257174578
2.49 0.947160914927
2.5100000000000002 1.0100848522
2.5300000000000002 0.978795340741
2.5500000000000003 1.04048412272
2.57 0.871793441346
2.59 0.910590995431
2.61 1.10692627615
2.63 1.12092712841
2.65 1.02346991694
2.67 1.19246494964
2.69 1.05208803487
2.71 1.08783702867
2.73 1.20945162983
2.75 0.943372271267
2.77 0.979131869997
2.79 0.993245894927
2.81 1.11207140519
2.83 1.00004127696
2.85 1.07577539706
2.87 0.883384313251
2.89 0.95887752486
2.91 0.891503005493
2.93 0.825048274785
2.95 0.999335033122
2.97 0.913197063937
2.99 0.926808042424
3.0100000000000002 0.94023814412
3.0300000000000002 1.18699893868
3.0500000000000003 0.792587359056
3.0700000000000003 0.941067615881
3.09 0.839570791581
3.11 0.928963852333
3.13 1.18675026138
3.15 1.1043445239
3.17 0.948580162354
3.19 0.998081948441
3.21 0.955127688977
3.23 1.04048412272
3.25 0.943372271267
3.27 0.847448332369
3.29 0.93190269958
3.31 0.872833105968
3.33 0.973826481225
3.35 0.897611676019
3.37 1.15472125192
3.39 1.18269385041
3.41 1.03743284963
3.43 0.893865854699
3.45 1.04249472006
3.47 1.22339343536
3.49 1.1319115719
3.5100000000000002 1.00787635819
3.5300000000000002 1.03557154424
3.5500000000000003 1.02973733835
3.5700000000000003 0.974421638739
3.59 1.00184032986
3.61 0.881961610949
3.63 0.812131776228
3.65 0.90460354779
3.67 0.931805036333
3.69 1.18241104461
3.71 1.01711296093
3.73 0.727130101848
3.75 1.14776959671
3.77 1.11040171187
3.79 1.10454207223
3.81 0.882090214275
3.83 1.06221747254
3.85 1.01075600493
3.87 0.959826438789
3.89 0.879106550988
3.91 0.753974001972
3.93 1.03518903813
3.95 1.04487435109
3.97 1.03961050045
3.99 1.10828509312
4.01 0.970426588273
4.03 0.9363496489
4.05 1.03363319846
4.07 0.97060722013
4.09 1.08118765808
4.11 0.889432494199
4.13 1.12782096595
4.15 0.866652237158
4.17 0.919052722307
4.19 1.11167078505
4.21 1.09238475592
4.23 0.850261651112
4.25 0.998864757812
4.2700000000000005 1.0079943765
4.29 0.962063796455
4.3100000000000005 1.27223928695
4.33 1.07572761879
4.3500000000000005 1.15210694048
4.37 1.07937330809
4.39 1.14160938294
4.41 1.08295286242
4.43 1.0381354001
4.45 1.02022001247
4.47 0.910132644259
4.49 0.984868044892
4.51 1.03279392226
4.53 1.15839034413
4.55 0.98483918429
4.57 0.903118968664
4.59 0.950565741745
4.61 1.11270861714
4.63 0.802273934798
4.65 1.02705852114
4.67 1.02265998357
4.69 0.968012591785
4.71 0.976420344464
4.73 0.885034768234
4.75 1.07991299474
4.7700000000000005 1.07538505765
4.79 1.0093492464
4.8100000000000005 1.13998988082
4.83 0.939954255791
4.8500000000000005 0.887450719104
4.87 1.06541016262
4.89 0.807846909188
4.91 1.06873895294
4.93 0.992645772251
4.95 1.11965900883
4.97 1.02024667164
4.99 1.02797329159
5.01 0.941489292682
5.03 1.26595682526
5.05 0.922356552353
5.07 1.13967557426
5.09 0.926691818533
5.11 0.87691160245
5.13 1.01141276647
5.15 0.973138872059
5.17 1.18605798128
5.19 1.02244104545
5.21 0.939298206756
5.23 0.992074090242
5.25 1.14552347225
5.2700000000000005 0.827912097649
5.29 1.04769604796
5.3100000000000005 1.21030576234
5.33 0.785406088883
5.3500000000000005 0.870635624183
5.37 1.15286415832
5.39 1.15952528704
5.41 0.969964558026
5.43 1.04240029974
5.45 1.09266742429
5.47 0.92698829215
5.49 1.24580126898
5.51 0.823952641646
5.53 0.970240468866
5.55 0.924249860363
5.57 1.12205409284
5.59 1.06530187162
5.61 1.04048412272
5.63 1.01584269886
5.65 1.06442446537
5.67 0.863094119435
5.69 0.79788735597
5.71 0.929329076336
5.73 0.956954856324
5.75 1.19972343194
5.7700000000000005 0.889009831025
5.79 1.0590534997
5.8100000000000005 0.943778197373
5.83 0.900087179918
5.8500000000000005 1.00787635819
5.87 0.924086977817
5.89 1.08111423278
5.91 1.12733784532
5.93 0.994279375281
5.95 1.04048412272
5.97 0.809846380275
5.99 1.25008637783
6.01 0.951613044019
6.03 0.83112192224
6.05 1.02328603805
6.07 1.21418383349
6.09 1.07465437306
6.11 1.11938608293
6.13 1.06764194648
6.15 0.92036319148
6.17 0.860043602249
6.19 0.962041593275
6.21 1.01591015525
6.23 0.936936746142
6.25 1.02827577568
6.2700000000000005 1.02499578916
6.29 1.09672650773
6.3100000000000005 0.897025931474
6.33 1.02459468641
6.3500000000000005 0.984226975928
6.37 0.999648796083
6.390000000000001 1.03342815319
6.41 1.0210054808
6.43 1.05450827368
6.45 1.11522690983
6.47 0.965972379775
6.49 1.08109880856
6.51 0.878524484571
6.53 1.02030117394
6.55 0.927169312409
6.57 0.987166570009
6.59 0.966276605622
6.61 1.21311109013
6.63 0.871516615612
6.65 0.877761793754
6.67 1.06960311866
6.69 1.04877896376
6.71 0.966569950069
6.73 1.10387171415
6.75 0.943372271267
6.7700000000000005 0.914457980826
6.79 0.946498320767
6.8100000000000005 0.978350464878
6.83 1.15677053761
6.8500000000000005 1.06731899304
6.87 0.875400033381
6.890000000000001 0.889973840818
6.91 1.21163949457
6.93 1.10604613334
6.95 0.882290613415
6.97 0.905136594562
6.99 0.860371706628
7.01 1.05977983398
7.03 1.10708694708
7.05 1.1206727336
7.07 1.04244637472
7.09 1.08108599493
7.11 1.08633761899
7.13 0.917902543045
7.15 0.890596200147
7.17 0.871665452879
7.19 0.975845795208
7.21 1.14486926125
7.23 1.08461715144
7.25 1.0897576237
7.2700000000000005 0.900226290497
7.29 0.922020223975
7.3100000000000005 1.10501026987
7.33 0.957207539911
7.3500000000000005 1.02679975104
7.37 1.0320134243
7.390000000000001 0.917522083861
7.41 0.978700989928
7.43 1.02367953393
7.45 0.925961038072
7.47 0.852444823434
7.49 0.936759848805
7.51 1.02847676045
7.53 1.0100848522
7.55 0.999599757634
7.57 0.80224029013
7.59 0.971027123751
7.61 1.0614487612
7.63 0.896389117521
7.65 1.1021424411
7.67 1.03777099593
7.69 1.08874238069
7.71 1.10121276802
7.73 1.04497090203
7.75 0.989019316651
7.7700000000000005 1.04717964475
7.79 1.03692234566
7.8100000000000005 0.883279095216
7.83 0.835842290155
7.8500000000000005 1.02148589882
7.87 1.00390632425
7.890000000000001 0.926633092816
7.91 1.01373758606
7.930000000000001 1.12270817277
7.95 1.00122057092
7.97 0.806364315935
7.99 1.00358752262
8.01 1.16302137063
8.03 1.02795857703
8.05 1.01075600493
8.07 0.92788319742
8.09 0.998470342735
8.11 1.03235868157
8.13 0.97180107895
8.15 0.882602891829
8.17 1.06086080077
8.19 0.950283423437
8.21 0.955150061499
8.23 1.02447019131
8.25 1.17206857945
8.27 0.96960874314
8.290000000000001 1.04550455275
8.31 1.07136893021
8.33 0.913077903612
8.35 0.974441417925
8.370000000000001 0.972113003546
8.39 1.02601573007
8.41 0.988521776521
8.43 1.11207140519
8.45 0.997797594609
8.47 0.911907965879
8.49 0.923649234971
8.51 0.990762593942
8.53 0.946966597037
8.55 0.979231451169
8.57 0.921906974546
8.59 0.974671584109
8.61 0.828600789948
8.63 1.0453067606
8.65 0.988359677267
8.67 1.08128742165
8.69 1.02451965594
8.71 0.927396678843
8.73 0.965794922617
8.75 0.923157151168
8.77 0.988281954648
8.790000000000001 1.11347978548
8.81 0.983794862913
8.83 0.961534591325
8.85 0.986010566013
8.870000000000001 0.970492894623
8.89 0.994838587528
8.91 0.966136024165
8.93 0.944164577206
8.950000000000001 0.915703531467
8.97 1.018831536
8.99 1.06247433221
9.01 1.08629159982
9.03 1.0773562068
9.05 0.853465245414
9.07 0.994597281587
9.09 0.934031951749
9.11 0.964341852489
9.13 0.923481892053
9.15 1.02456414707
9.17 1.15092445854
9.19 1.02010467309
9.21 0.998684000527
9.23 0.977356158612
9.25 1.08997742153
9.27 1.03674271991
9.290000000000001 1.05355084116
9.31 1.08295286242
9.33 0.966880744265
9.35 0.908058870738
9.370000000000001 0.98163069849
9.39 1.04861001931
9.41 0.933597691411
9.43 0.881597894013
9.450000000000001 1.00451677033
9.47 0.952586836747
9.49 0.969218086918
9.51 0.929980551328
9.53 1.06413976035
9.55 1.04956339081
9.57 0.967276950032
9.59 0.946815235761
9.61 0.963250823289
9.63 1.05308950323
9.65 1.12422602275
9.67 0.920690362987
9.69 0.961382990584
9.71 1.02619666481
9.73 0.999848566027
9.75 1.08850646685
9.77 0.875057442002
9.790000000000001 0.999743341613
9.81 0.985684585167
9.83 0.99567521001
9.85 1.02358285778
9.870000000000001 1.05137740465
9.89 0.965788093688
9.91 1.00548633857
9.93 0.967835348795
9.950000000000001 1.14366110775
9.97 0.999435267328
9.99 1.10957199073
10.01 0.965990587461
10.03 0.893523088438
10.05 0.815477274292
10.07 0.819712748122
10.09 0.958331593705
10.11 1.00309118854
10.13 0.873061702184
10.15 1.01075600493
10.17 1.04355339742
10.19 1.12829730678
10.21 1.01059101048
10.23 1.06625042879
10.25 0.943372271267
10.27 1.01616901177
10.290000000000001 0.911055582674
10.31 1.05797690461
10.33 1.00455904975
10.35 1.0652814899
10.370000000000001 1.09734117861
10.39 0.873913196433
10.41 1.08746083143
10.43 1.07406958018
10.450000000000001 1.02687651537
10.47 0.89539273598
10.49 1.146615487
10.51 1.0210142327
10.53 1.09746536781
10.55 1.15686054593
10.57 0.870187289012
10.59 1.15805850108
10.61 0.966934349673
10.63 1.00394156338
10.65 0.913476671121
10.67 0.911764437436
10.69 0.849388036571
10.71 1.09003098571
10.73 1.0000801105
10.75 0.959826438789
10.77 0.886875046107
10.790000000000001 0.923481892053
10.81 0.916319042396
10.83 1.02895521277
10.85 1.0868344139
10.870000000000001 1.03601715623
10.89 1.04494288541
10.91 1.17813448176
10.93 0.911653212741
10.950000000000001 0.963833541991
10.97 1.00507414954
10.99 1.12127391205
11.01 0.9103842309
11.03 0.908733488868
11.05 0.965782698525
11.07 1.11317075821
11.09 1.10053009554
11.11 0.976487949556
11.13 0.948245937538
11.15 0.851361747051
11.17 1.01874915149
11.19 1.06434985923
11.21 0.978296400845
11.23 0.981804400751
11.25 1.04295045546
11.27 0.962624766599
11.290000000000001 0.992253828281
11.31 0.990499179602
11.33 0.936711213747
11.35 0.997397996053
11.370000000000001 0.990457914534
11.39 1.08189642611
11.41 0.92497609858
11.43 1.10390237342
11.450000000000001 0.957790624758
11.47 0.884154482661
11.49 1.07761192867
11.51 0.875959265783
11.53 1.07387346577
11.55 1.0566994597
11.57 0.988624787304
11.59 0.951308319278
11.61 0.959826438789
11.63 0.993663828291
11.65 0.94640887729
11.67 0.939734588987
11.69 0.887689904528
11.71 0.996945504434
11.73 0.919848282405
11.75 0.953408146493
11.77 0.931750437849
11.790000000000001 1.09519999686
11.81 0.923602191916
11.83 0.877184698558
11.85 0.925460139534
11.870000000000001 1.04311382143
11.89 1.09094774852
11.91 0.995055764718
11.93 1.00327206133
11.950000000000001 0.912781747826
11.97 1.01469657415
11.99 0.934324080175
12.01 1.2076893148
12.030000000000001 0.975327732659
12.05 1.09114116438
12.07 0.98675020089
12.09 0.975364217604
12.11 1.0662599474
12.13 1.01103376146
12.15 1.04819141252
12.17 1.11914027662
12.19 1.02540464268
12.21 1.0237250282
12.23 0.973840958687
12.25 0.977064138098
12.27 1.0763823796
12.290000000000001 1.04584598828
12.31 1.04414680715
12.33 0.90856007472
12.35 0.940507780565
12.370000000000001 0.953286450351
12.39 1.10878601294
12.41 0.940711672597
12.43 0.943941482211
12.450000000000001 0.951896719501
12.47 1.11585733771
12.49 1.00549586559
12.51 0.90962654054
12.530000000000001 0.969347006589
12.55 0.995990644963
12.57 1.01785890446
12.59 0.96472740211
