0.01 0.0
0.03 0.0
0.05 0.0
0.07 0.0
0.09 0.0
0.11 0.0
0.13 0.0
0.15 0.0
0.17 0.0
0.19 0.0
0.21 0.0
0.23 0.0
0.25 0.0
0.27 0.217873895476
0.29 0.0
0.31 0.0
0.33 0.178260459935
0.35000000000000003 0.168074147939
0.37 0.158989058861
0.39 0.150835773791
0.41000000000000003 0.430433793501
0.43 0.410413617059
0.45 0.130724337286
0.47000000000000003 0.125161599529
0.49 0.480211851253
0.51 0.807415024411
0.53 1.10992361846
0.55 0.320868827883
0.5700000000000001 1.1352376659
0.59 0.598230018087
0.61 1.06079585174
0.63 0.653621686428
0.65 0.905014642746
0.67 0.702399424221
0.6900000000000001 1.02306003093
0.71 1.73992251739
0.73 1.20875243381
0.75 1.56869204743
0.77 0.763973399721
0.79 1.11694845149
0.81 1.81561579563
0.8300000000000001 1.27574353255
0.85 1.73017505231
0.87 0.946624511378
0.89 0.859255475416
0.91 1.09894635191
0.93 1.39158165498
0.9500000000000001 1.05267492656
0.97 1.33419684446
0.99 0.950722452986
1.01 1.51433143192
1.03 1.37070178901
1.05 1.17651903557
1.07 1.15452802556
1.09 1.18731278819
1.11 1.27191247089
1.1300000000000001 1.14528401693
1.1500000000000001 1.07421303248
1.17 0.95529323401
1.19 1.23583932308
1.21 0.826480314244
1.23 1.33912735756
1.25 1.08239751272
1.27 0.880073294324
1.29 1.04883479915
1.31 0.898106134023
1.33 1.23844109007
1.35 1.00221991919
1.37 1.07346627333
1.3900000000000001 0.88873740097
1.41 1.04301332941
1.43 0.987288701178
1.45 1.13594941365
1.47 1.2405472824
1.49 1.06597362283
1.51 1.79204886213
1.53 0.615173351932
1.55 1.21447126252
1.57 0.936718977365
1.59 0.813943986873
1.61 0.876908597941
1.6300000000000001 1.22704439293
1.6500000000000001 1.17651903557
1.67 1.12720386641
1.69 1.18348068667
1.71 1.34164451425
1.73 1.22412385204
1.75 1.04205971722
1.77 0.89734502713
1.79 0.690136864441
1.81 0.910014723646
1.83 0.835778549859
1.85 1.11292341203
1.87 0.91227411849
1.8900000000000001 1.18274400401
1.9100000000000001 1.23195710531
1.93 1.18871094267
1.95 1.35752196412
1.97 0.865965787602
1.99 1.03462729259
2.0100000000000002 0.673132781545
2.0300000000000002 0.956283945168
2.05 1.00434551817
2.07 1.10831503351
2.09 1.21029470166
2.11 0.80850834198
2.13 1.24280179814
2.15 0.820827234119
2.17 0.813262006155
2.19 1.45050292057
2.21 0.931632720474
2.23 0.976035971213
2.25 0.784346023714
2.27 1.19206774529
2.29 1.25872123893
2.31 0.967699639647
2.33 1.1361235322
2.35 1.12645439576
2.37 1.21623275829
2.39 0.935308019909
2.41 1.04959167074
2.43 0.944120213729
2.45 0.912402517381
2.47 0.881198467937
2.49 0.850495688364
2.5100000000000002 1.24214161126
2.5300000000000002 1.04631139527
2.5500000000000003 1.08424303278
2.57 0.824021114407
2.59 1.24919974819
2.61 1.1720112998
2.63 0.917058563848
2.65 0.799145005293
2.67 0.925352050449
2.69 0.896603725992
2.71 0.976814697429
2.73 1.18513822264
2.75 1.11234526999
2.77 0.743288199367
2.79 0.885551962257
2.81 0.962987110965
2.83 0.976968103742
2.85 1.05267492656
2.87 1.0658360601
2.89 1.07881503262
2.91 1.05118539261
2.93 1.06408718234
2.95 0.917286027733
2.97 1.08936947738
2.99 0.885340411382
3.0100000000000002 0.879457750842
3.0300000000000002 1.16487033225
3.0500000000000003 0.848636681395
3.0700000000000003 1.11136977301
3.09 0.970913767218
3.11 1.02141523988
3.13 1.1464482615
3.15 0.952420171652
3.17 0.816511633519
3.19 0.848273912794
3.21 0.861314558751
3.23 0.87419371064
3.25 1.10411786415
3.27 0.899479384993
3.29 1.14433462426
3.31 0.906381734352
3.33 0.847941647258
3.35 1.03603915073
3.37 0.768053969808
3.39 1.1799895932
3.41 0.983307698351
3.43 0.943273279247
3.45 0.920754027838
3.47 1.23754884145
3.49 1.16303457671
3.5100000000000002 1.00557182527
3.5300000000000002 0.849893354307
3.5500000000000003 1.12680696364
3.5700000000000003 1.07106074667
3.59 0.999549598465
3.61 1.09178359257
3.63 0.842685810601
3.65 0.967001947044
3.67 1.18613635739
3.69 1.02028751052
3.71 1.09406756677
3.73 0.946261958904
3.75 1.17651903557
3.77 0.920618343483
3.79 0.760546606107
3.81 0.98815247082
3.83 1.04442943105
3.85 1.00844488763
3.87 0.820827234119
3.89 1.08880939024
3.91 0.947835028656
3.93 1.04779048969
3.95 0.833988177113
3.97 1.06686864686
3.99 1.03203424173
4.01 0.836179364433
4.03 1.13856680862
4.05 0.987694992824
4.07 1.08401631041
4.09 0.920503890911
4.11 1.17365645884
4.13 1.011293602
4.15 1.02059482604
4.17 1.01569988682
4.19 1.2776042033
4.21 0.880293340154
4.23 0.945665418662
4.25 1.16267763515
4.2700000000000005 1.04701928224
4.29 0.987288701178
4.3100000000000005 0.982707315093
4.33 0.950996910969
4.3500000000000005 0.919578096768
4.37 0.955753449948
4.39 1.12559907731
4.41 0.973762920597
4.43 0.876413728529
4.45 0.70062369534
4.47 0.934371941001
4.49 0.91710837962
4.51 0.899997931866
4.53 0.792137540505
4.55 0.866228300914
4.57 0.836692968403
4.59 0.845863358907
4.61 1.23776948428
4.63 1.0545472997
4.65 1.1259160663
4.67 0.8061800672
4.69 1.00342774889
4.71 0.861781459176
4.73 0.994942101962
4.75 1.12698139197
4.7700000000000005 1.25791343426
4.79 0.822826465378
4.8100000000000005 1.12515333963
4.83 0.742936451033
4.8500000000000005 0.897550604456
4.87 0.857626812377
4.89 0.721790819368
4.91 0.898563418205
4.93 0.847189163545
4.95 1.24782321954
4.97 0.852206947294
4.99 0.919523895536
5.01 1.02152850394
5.03 0.912211578275
5.05 1.06003200235
5.07 0.870206387256
5.09 0.855229947271
5.11 0.990025802926
5.13 1.15817176016
5.15 0.913801192676
5.17 1.04680610515
5.19 1.05410665037
5.21 1.06135114533
5.23 0.922318938019
5.25 1.06446960361
5.2700000000000005 0.982292932924
5.29 0.878497200473
5.3100000000000005 1.10783336683
5.33 0.960198462426
5.3500000000000005 1.0335774705
5.37 0.97495525294
5.39 0.916768079665
5.41 0.891631801449
5.43 0.985849283949
5.45 1.04699400413
5.47 0.978640148418
5.49 0.964359865222
5.51 0.736658924268
5.53 1.07439803429
5.55 1.0281292473
5.57 0.866019397817
5.59 0.989202051374
5.61 0.996161393754
5.63 1.02396861
5.65 0.884992194898
5.67 0.798870950079
5.69 0.971817129557
5.71 1.01992455798
5.73 0.852103664506
5.75 1.18674963588
5.7700000000000005 0.968538200859
5.79 1.11759148457
5.8100000000000005 0.820120842351
5.83 0.958570397763
5.8500000000000005 0.935181797505
5.87 0.952038401867
5.89 0.848931392389
5.91 1.08494564194
5.93 0.992005932184
5.95 0.909577741785
5.97 1.02477369932
5.99 0.97224861871
6.01 0.998377218204
6.03 0.956043660745
6.05 0.913989994575
6.07 0.959434798365
6.09 0.936965077589
6.11 0.991664980882
6.13 0.902061903292
6.15 0.994780322759
6.17 1.03922670079
6.19 1.09288924952
6.21 0.956750584481
6.23 1.02921809693
6.25 1.02592459902
6.2700000000000005 1.09770914802
6.29 0.897820567685
6.3100000000000005 0.86700689626
6.33 1.07801112264
6.3500000000000005 0.981976517878
6.37 0.923484329333
6.390000000000001 0.957417681528
6.41 1.16550637689
6.43 1.00635376293
6.45 1.00323328615
6.47 1.00922421135
6.49 1.06049866843
6.51 0.966878162873
6.53 0.963916820873
6.55 0.943011440724
6.57 1.09235405129
6.59 0.883728258888
6.61 1.11244235587
6.63 1.05585041654
6.65 0.990752872059
6.67 0.917226234627
6.69 1.04638090608
6.71 0.920525325893
6.73 0.909048883353
6.75 1.08065452156
6.7700000000000005 0.894988631195
6.79 1.10027921589
6.8100000000000005 1.11432419669
6.83 1.02493239556
6.8500000000000005 1.03911535258
6.87 0.993276623917
6.890000000000001 1.0074691306
6.91 0.885368883497
6.93 1.00165401297
6.95 1.08341321261
6.97 0.995905639866
6.99 0.900483095894
7.01 0.981831149513
7.03 1.0543484956
7.05 1.03466922277
7.07 1.03174229428
7.09 1.0620200039
7.11 1.04248522139
7.13 1.03131051505
7.15 0.979061295335
7.17 0.943512476224
7.19 1.25179007262
7.21 0.905642253456
7.23 1.0414553012
7.25 1.12783548927
7.2700000000000005 1.15709918904
7.29 1.00867544202
7.3100000000000005 0.933489795665
7.33 0.946993493842
7.3500000000000005 1.00044135678
7.37 1.1094718178
7.390000000000001 0.931344568077
7.41 1.03203424173
7.43 0.981752088901
7.45 0.987012613733
7.47 0.881995528674
7.49 0.973887586186
7.51 0.932128929646
7.53 1.11714622899
7.55 0.88044139748
7.57 1.01022110056
7.59 1.06956275961
7.61 0.881229763831
7.63 1.10250473189
7.65 1.03810503139
7.67 1.18879042056
7.69 1.04035493392
7.71 0.999507092475
7.73 0.905600033848
7.75 0.933624783065
7.7700000000000005 0.908508907776
7.79 0.943933757678
7.8100000000000005 0.933984381631
7.83 0.999214762011
7.8500000000000005 1.07160651011
7.87 0.994136160933
7.890000000000001 0.976704649301
7.91 0.832933830492
7.930000000000001 1.16464999108
7.95 1.02112972899
7.97 1.04809098526
7.99 1.02338013732
8.01 0.991448625481
8.03 1.06956275961
8.05 1.05229031753
8.07 1.0569718721
8.09 0.91620147393
8.11 0.906688529262
8.13 0.933400710877
8.15 1.10433995363
8.17 0.979232489826
8.19 1.07021572833
8.21 0.981626722735
8.23 1.17937813408
8.25 1.04104108602
8.27 1.08120249944
8.290000000000001 0.950865806794
8.31 0.976893062026
8.33 1.00279533644
8.35 0.901763093132
8.370000000000001 0.892580152434
8.39 0.974589665937
8.41 1.0352248351
8.43 1.05370328808
8.45 0.988554455923
8.47 0.944548930564
8.49 0.866106474949
8.51 1.01614746315
8.53 1.00686857675
8.55 0.970112187225
8.57 1.01589741695
8.59 1.12995134382
8.61 1.03850693035
8.63 1.02246729627
8.65 1.0269038981
8.67 1.09917003323
8.69 1.15079537426
8.71 1.00632225201
8.73 1.0040168173
8.75 1.10928937639
8.77 0.9457764197
8.790000000000001 1.05739481013
8.81 1.06834872697
8.83 0.95267396425
8.85 1.15657803497
8.870000000000001 0.915217739057
8.89 1.04550060529
8.91 1.03655156333
8.93 1.05399241708
8.950000000000001 0.900464289794
8.97 0.996827722445
8.99 1.06658844715
9.01 0.940170594462
9.03 0.957631773139
9.05 0.903514618477
9.07 1.03772351539
9.09 0.931896265798
9.11 0.929850390352
9.13 1.17909629523
9.15 1.08651211482
9.17 1.08414240464
9.19 1.02417326274
9.21 0.932528660115
9.23 1.00698812362
9.25 1.06204691319
9.27 0.945530400755
9.290000000000001 1.01314879274
9.31 1.00465374144
9.33 1.09077059568
9.35 1.05697966832
9.370000000000001 0.904048778667
9.39 1.10885979391
9.41 0.868948703211
9.43 1.17277613302
9.450000000000001 0.995994950747
9.47 0.981467833263
9.49 1.08477782521
9.51 0.915482740612
9.53 0.987634027761
9.55 0.985565684247
9.57 1.03882819755
9.59 1.08573445931
9.61 0.979412308487
9.63 1.00792129216
9.65 0.932680893483
9.67 0.997668675458
9.69 0.977397134813
9.71 0.908742818412
9.73 1.10034154406
9.75 1.12825158796
9.77 1.04766792318
9.790000000000001 1.06355398006
9.81 1.03140302812
9.83 0.957492602702
9.85 1.02124241159
9.870000000000001 1.09069393875
9.89 1.07064421842
9.91 1.14565173494
9.93 1.01893894319
9.950000000000001 0.95185710918
9.97 1.03845210762
9.99 0.759614392335
10.01 0.946151671962
10.03 0.914940027662
10.05 0.983359193909
10.07 0.975564443596
10.09 1.11355369571
10.11 1.03570914111
10.13 0.975593277274
10.15 1.06640149037
10.17 0.960187610151
10.19 1.02757796041
10.21 0.870001833355
10.23 1.01205938544
10.25 1.02156286991
10.27 1.05394110295
10.290000000000001 0.948990087
10.31 1.12402643069
10.33 1.04212479917
10.35 0.886652026807
10.370000000000001 1.04377773648
10.39 1.0587538963
10.41 0.966305259762
10.43 1.0208530462
10.450000000000001 0.968235761331
10.47 0.966386218329
10.49 0.925289041321
10.51 0.912333980961
10.53 0.921774173168
10.55 1.01481736717
10.57 0.985070337256
10.59 1.01098425153
10.61 0.992445369308
10.63 0.907568776263
10.65 0.950052930132
10.67 0.948272137386
10.69 1.13909934688
10.71 0.906282170257
10.73 0.921040065125
10.75 1.09443631216
10.77 0.955853441155
10.790000000000001 1.0413120287
10.81 1.01217641358
10.83 1.20041877591
10.85 0.975914407385
10.870000000000001 1.10400130293
10.89 1.08036642385
10.91 1.01907469167
10.93 1.01720996214
10.950000000000001 0.945513014888
10.97 1.0671252875
10.99 1.21505833064
11.01 1.10599200891
11.03 0.874656037323
11.05 0.979545260384
11.07 1.01497351307
11.09 0.99722984079
11.11 1.04308843388
11.13 1.15220642298
11.15 1.02351880224
11.17 0.863693472845
11.19 1.04088815479
11.21 0.991802398407
11.23 1.12099320397
11.25 1.02487880432
11.27 0.9447646204
11.290000000000001 0.932670094628
11.31 1.01424054791
11.33 0.98129787168
11.35 1.0262148416
11.370000000000001 0.936455344935
11.39 0.888328683574
11.41 1.0001958497
11.43 0.931539568846
11.450000000000001 0.971013527174
11.47 0.964191711801
11.49 1.00859116626
11.51 0.950619203371
11.53 1.01529613217
11.55 1.04919013562
11.57 1.05246084859
11.59 0.99481333465
11.61 0.967765442696
11.63 0.925636214572
11.65 0.954343767051
11.67 1.26019605352
11.69 0.941013942051
11.71 1.01978379257
11.73 0.922760027898
11.75 1.05135743604
11.77 1.0195831914
11.790000000000001 1.08770631787
11.81 1.10578842463
11.83 1.06413809642
11.85 1.08219894411
11.870000000000001 1.03081701516
11.89 1.12803338987
11.91 1.07674706026
11.93 1.09959658396
11.950000000000001 0.964844062643
11.97 1.04186313927
11.99 1.03031275008
12.01 1.04818931562
12.030000000000001 1.00243724976
12.05 0.971482523147
12.07 0.955251578176
12.09 1.00719371531
12.11 0.898662351695
12.13 0.935977633409
12.15 1.08452783526
12.17 0.932901289503
12.19 0.969976727439
12.21 0.978023604508
12.23 0.904274647127
12.25 0.989236413582
12.27 1.01638971288
12.290000000000001 0.971657299515
12.31 0.993972215267
12.33 1.0305276224
12.35 0.895488172823
12.370000000000001 0.989151008078
12.39 0.982806458285
12.41 1.01914420889
12.43 1.05536502386
12.450000000000001 1.02531980208
12.47 0.88687080468
12.49 1.06913459197
12.51 1.0251045154
12.530000000000001 0.953046146132
12.55 1.02183725002
12.57 1.03425102172
12.59 0.953176661066
