0.01 0.0
0.03 0.0
0.05 0.0
0.07 0.0
0.09 0.0
0.11 0.0
0.13 0.0
0.15 0.0
0.17 0.0
0.19 0.0
0.21 0.0
0.23 0.0
0.25 0.236093003407
0.27 0.0
0.29 0.407056902425
0.31 0.0
0.33 0.0
0.35000000000000003 0.337275719152
0.37 0.638089198396
0.39 0.605366675402
0.41000000000000003 0.431877445256
0.43 0.411790122221
0.45 0.393488339011
0.47000000000000003 0.376744154372
0.49 0.722733683898
0.51 1.62024610181
0.53 1.33637549098
0.55 0.858520012388
0.5700000000000001 1.34614431767
0.59 1.10043349045
0.61 1.74166969726
0.63 1.40531549647
0.65 1.63449002358
0.67 2.29045451066
0.6900000000000001 1.45419603548
0.71 2.24454615915
0.73 1.69792913409
0.75 1.33786035264
0.77 1.30311073309
0.79 1.49425951523
0.81 1.74883706227
0.8300000000000001 2.34670756398
0.85 0.972147661086
0.87 2.03528451213
0.89 1.98954778152
0.91 2.14040360231
0.93 2.41170272297
0.9500000000000001 1.6153731812
0.97 1.15612553215
0.99 1.49048613262
1.01 1.51941041796
1.03 1.31799492193
1.05 1.40531549647
1.07 1.59969558383
1.09 1.46204382844
1.11 1.86109349532
1.1300000000000001 1.72368785673
1.1500000000000001 1.33443871491
1.17 1.66475835735
1.19 1.38878237298
1.21 1.31704774628
1.23 1.00771403893
1.25 1.13324641635
1.27 1.39425002012
1.29 1.09810699259
1.31 1.6220130005
1.33 1.42010829117
1.35 1.26790687015
1.37 1.33556261051
1.3900000000000001 1.06156925992
1.41 1.4232556943
1.43 1.11442501608
1.45 1.87246175116
1.47 1.24470801116
1.49 1.10916176097
1.51 1.60261806948
1.53 1.35020508484
1.55 1.48510115046
1.57 1.46618266447
1.59 1.33637549098
1.61 1.28311414895
1.6300000000000001 1.37600216709
1.6500000000000001 1.43086668731
1.67 1.34304403136
1.69 1.43192502066
1.71 0.966462587045
1.73 1.43293441374
1.75 0.910644441711
1.77 1.03374055164
1.79 1.12111202735
1.81 1.30438123429
1.83 0.806328563547
1.85 1.46760515631
1.87 1.32565590148
1.8900000000000001 1.53023242949
1.9100000000000001 1.29789347423
1.93 1.19269781514
1.95 0.998855014413
1.97 1.25836372374
1.99 1.12707715194
2.0100000000000002 1.35078086526
2.0300000000000002 0.901340283942
2.05 0.978922209247
2.07 1.02649131916
2.09 1.32731712442
2.11 1.11892418676
2.13 1.33010142764
2.15 1.20791769185
2.17 1.16958515513
2.19 1.26670903654
2.21 1.46890443296
2.23 1.24398779822
2.25 1.0755347933
2.27 0.96205298745
2.29 1.15984554075
2.31 1.22645716055
2.33 1.19059776396
2.35 1.02976735528
2.37 1.04598166066
2.39 1.3088838055
2.41 0.857184140999
2.43 0.777260916565
2.45 1.03591828025
2.47 1.09921843691
2.49 1.16150172359
2.5100000000000002 1.05818577224
2.5300000000000002 1.14313805997
2.5500000000000003 1.13417227127
2.57 1.33204223712
2.59 1.00271159748
2.61 1.1533278902
2.63 1.30165344084
2.65 1.15819209218
2.67 0.862137371991
2.69 0.877669157646
2.71 1.06721007075
2.73 1.31883454284
2.75 1.09461301579
2.77 1.04409360712
2.79 1.22700664853
2.81 1.07124049588
2.83 1.27223261553
2.85 1.18046501703
2.87 0.781492519987
2.89 1.18454967107
2.91 1.01414520364
2.93 0.765489260192
2.95 1.10043349045
2.97 1.01353057018
2.99 1.06597175451
3.0100000000000002 1.41185184761
3.0300000000000002 0.973981037156
3.0500000000000003 1.12240936046
3.0700000000000003 0.903613286654
3.09 1.20338666785
3.11 1.06279808607
3.13 1.09372158128
3.15 0.880664377787
3.17 0.949585423796
3.19 0.888124150746
3.21 0.698717611328
3.23 1.04158677974
3.25 0.998855014413
3.27 1.17324504751
3.29 1.07641186964
3.31 1.19473045531
3.33 1.02803259742
3.35 0.933800685116
3.37 1.03334474785
3.39 0.95760436485
3.41 1.12507662914
3.43 0.825981353026
3.45 1.07781588512
3.47 0.969546195546
3.49 1.06546269446
3.5100000000000002 1.04257594097
3.5300000000000002 0.869464318495
3.5500000000000003 1.21371755272
3.5700000000000003 1.17385176764
3.59 1.06866610177
3.61 1.25894468576
3.63 1.2520083514
3.65 1.1157820024
3.67 0.948875149931
3.69 1.29563233577
3.71 0.843189297881
3.73 0.822844247798
3.75 0.897153412945
3.77 1.15854656844
3.79 1.05899236357
3.81 1.00695834786
3.83 1.03252162064
3.85 1.07315001548
3.87 1.22011888065
3.89 1.13798041488
3.91 0.890632173976
3.93 0.795987861358
3.95 0.83678532853
3.97 1.04071223164
3.99 0.828396503181
4.01 1.03033106225
4.03 1.03986372468
4.05 0.830697604579
4.07 0.986137852067
4.09 0.995746774759
4.11 0.947818626815
4.13 1.18618155465
4.15 0.881793145254
4.17 0.877563921536
4.19 1.04241540884
4.21 0.995403992985
4.23 1.01860456553
4.25 0.902708542437
4.2700000000000005 1.14729035613
4.29 0.797983344848
4.3100000000000005 0.903836323947
4.33 1.21317998286
4.3500000000000005 0.800545241436
4.37 0.850907277724
4.39 1.10248441226
4.41 1.19117218272
4.43 1.05255910097
4.45 1.04782849827
4.47 0.858279934085
4.49 1.09107568389
4.51 0.981539648309
4.53 1.14658853752
4.55 1.11560430181
4.57 0.891160680255
4.59 0.990150395551
4.61 0.870624958333
4.63 0.815872150001
4.65 1.16777184481
4.67 1.04902137488
4.69 0.994208276606
4.71 0.964923633881
4.73 1.03571454983
4.75 0.919520118531
4.7700000000000005 1.01465546537
4.79 1.03506327172
4.8100000000000005 1.2270946123
4.83 1.01427118441
4.8500000000000005 0.949239910604
4.87 0.933221830714
4.89 0.989755944752
4.91 1.06987155312
4.93 1.11342035075
4.95 0.775052788961
4.97 0.890692920297
4.99 0.898951315576
5.01 1.13098444746
5.03 1.13822173611
5.05 1.20384056192
5.07 0.873125012599
5.09 1.12480458401
5.11 0.947144142825
5.13 1.09302316392
5.15 0.974170159688
5.17 0.913319162115
5.19 0.978034599854
5.21 0.849662920129
5.23 1.20755025643
5.25 1.10176734923
5.2700000000000005 0.963187774809
5.29 0.981861261805
5.3100000000000005 1.00039408223
5.33 1.09630428411
5.3500000000000005 1.09220595034
5.37 0.945251317177
5.39 1.07315001548
5.41 0.916442342244
5.43 1.06524467467
5.45 0.9205461142
5.47 1.07903566456
5.49 1.17186417902
5.51 1.1140504698
5.53 0.864535862384
5.55 1.0741168173
5.57 0.815940810696
5.59 1.12978315584
5.61 0.862728443821
5.63 1.07982146318
5.65 0.971533155611
5.67 0.978515975319
5.69 0.912837623013
5.71 1.01300850849
5.73 0.937367509163
5.75 0.975166753201
5.7700000000000005 0.889951962581
5.79 0.958235851478
5.8100000000000005 1.01589072034
5.83 1.16426652623
5.8500000000000005 0.918139457693
5.87 1.0256169654
5.89 1.14238550035
5.91 1.05862345013
5.93 0.93561308264
5.95 1.01182715746
5.97 1.01832409342
5.99 1.06419216894
6.01 0.962442359977
6.03 1.08649765249
6.05 0.92681137701
6.07 1.10850915932
6.09 1.0564095801
6.11 0.975670758759
6.13 0.885830192227
6.15 1.02690859205
6.17 0.956616707482
6.19 1.1060899998
6.21 0.90293217889
6.23 1.10846233542
6.25 1.09547153581
6.2700000000000005 0.969600452587
6.29 0.919599138865
6.3100000000000005 1.12247069765
6.33 1.02568050453
6.3500000000000005 1.00386001448
6.37 1.11189797523
6.390000000000001 0.914444731505
6.41 1.01287949979
6.43 1.05562579284
6.45 1.07980520938
6.47 0.985241281604
6.49 0.973110607262
6.51 1.14238550035
6.53 0.930994615271
6.55 0.946174250294
6.57 1.07805024387
6.59 1.07477846771
6.61 0.955444454028
6.63 1.0059769753
6.65 0.87869200516
6.67 1.15037820251
6.69 1.16458432174
6.71 1.17870575471
6.73 1.02611000738
6.75 0.979348754872
6.7700000000000005 1.11594920369
6.79 1.11266216628
6.8100000000000005 1.00538870761
6.83 0.820967617995
6.8500000000000005 0.956435159786
6.87 1.0137909171
6.890000000000001 1.10507973293
6.91 0.999380658415
6.93 1.00501350657
6.95 1.01061393545
6.97 1.02465040933
6.99 1.00483073696
7.01 1.0356433459
7.03 0.98232152911
7.05 1.07162781688
7.07 0.851537706771
7.09 1.19045484792
7.11 0.896555709139
7.13 1.00993500756
7.15 0.990600014294
7.17 0.880821177284
7.19 1.01792532762
7.21 1.19520036399
7.23 0.922493408885
7.25 1.04206567021
7.2700000000000005 1.09603010522
7.29 1.0606372924
7.3100000000000005 0.993140883003
7.33 0.958221944249
7.3500000000000005 1.17243464277
7.37 1.10518434431
7.390000000000001 0.926481339485
7.41 0.923980715087
7.43 0.985044832518
7.45 1.0299359209
7.47 1.03507976728
7.49 1.04807641699
7.51 0.92739595213
7.53 1.08953942475
7.55 0.985023789048
7.57 0.943436374247
7.59 0.987609072221
7.61 0.930721432615
7.63 1.12167383663
7.65 0.918139457693
7.67 1.06195679498
7.69 0.98244162666
7.71 1.14831227338
7.73 1.03080709767
7.75 1.09669008034
7.7700000000000005 1.02550049742
7.79 0.901638876938
7.8100000000000005 1.00513346521
7.83 1.03271843763
7.8500000000000005 1.05264396423
7.87 1.03496932878
7.890000000000001 0.935095862669
7.91 1.04465930711
7.930000000000001 1.02713853941
7.95 1.03940315965
7.97 0.888681317716
7.99 1.01203821861
8.01 1.19372866891
8.03 1.08050035806
8.05 0.857853459583
8.07 0.936180434822
8.09 1.1162617281
8.11 0.902451677633
8.13 1.00187067866
8.15 1.23115983372
8.17 0.989741170952
8.19 0.922463505374
8.21 1.04962175692
8.23 0.98969728038
8.25 1.00160668112
8.27 0.963499258159
8.290000000000001 0.954054959484
8.31 0.880732022335
8.33 0.963644911864
8.35 0.890650252372
8.370000000000001 0.973143204006
8.39 1.03413800658
8.41 1.00360581115
8.43 0.910204342908
8.45 1.04775001512
8.47 0.864094817663
8.49 1.06366989167
8.51 1.019555567
8.53 1.05868199066
8.55 0.938849370272
8.57 1.19148452711
8.59 0.920735228652
8.61 0.994003643843
8.63 0.909628315559
8.65 0.968936603576
8.67 0.939470428781
8.69 0.998437039723
8.71 0.989367924724
8.73 0.912730683273
8.75 1.05230024376
8.77 0.935488240408
8.790000000000001 0.97364862042
8.81 1.10542978326
8.83 0.982606780883
8.85 1.07375631493
8.870000000000001 0.878361793959
8.89 0.995892871513
8.91 1.03340371861
8.93 0.945165159215
8.950000000000001 0.989216494721
8.97 0.835669214957
8.99 1.05046942561
9.01 0.923671295237
9.03 0.973916320808
9.05 1.04350498743
9.07 0.976128735143
9.09 1.02592669247
9.11 0.907053251288
9.13 0.943854832896
9.15 0.941791762223
9.17 0.926864571716
9.19 1.1175240096
9.21 1.04460259379
9.23 0.99118135233
9.25 1.18684590902
9.27 0.986904410141
9.290000000000001 0.94030582627
9.31 1.09678006416
9.33 0.90464360898
9.35 0.984772955386
9.370000000000001 0.938576774482
9.39 0.974292213206
9.41 1.09139698706
9.43 0.988936758702
9.450000000000001 0.886910224438
9.47 0.885037129983
9.49 1.01378186394
9.51 1.03026915262
9.53 1.00333333032
9.55 0.927066767304
9.57 0.90662673722
9.59 0.984746625262
9.61 0.902853056732
9.63 0.992914500308
9.65 1.11318462746
9.67 0.842317333767
9.69 1.08422483505
9.71 1.0819916222
9.73 0.903850398448
9.75 0.986747680905
9.77 0.984727726594
9.790000000000001 0.994773890758
9.81 1.01079573324
9.83 0.948695181542
9.85 0.958753313326
9.870000000000001 1.08837200152
9.89 1.03245929195
9.91 1.13758233226
9.93 0.992636746448
9.950000000000001 0.972845541676
9.97 0.923533313226
9.99 1.01621613078
10.01 1.01418572892
10.03 0.93566270044
10.05 0.969038446818
10.07 0.797136257778
10.09 0.959347189264
10.11 1.08588770113
10.13 0.990518523671
10.15 0.924600678366
10.17 0.980819016119
10.19 0.938348050831
10.21 0.942290880394
10.23 0.951987916962
10.25 0.984680575184
10.27 0.919544317066
10.290000000000001 0.894813132445
10.31 0.84155362514
10.33 0.99990986438
10.35 0.929544916794
10.370000000000001 1.10419582114
10.39 1.19296272174
10.41 1.00923522109
10.43 0.950710080832
10.450000000000001 0.988427645841
10.47 1.03727585069
10.49 1.00716510033
10.51 1.02209625642
10.53 1.04818118796
10.55 1.10773494489
10.57 1.01071035044
10.59 0.891758275379
10.61 0.934581163344
10.63 1.08829324242
10.65 1.00311816001
10.67 0.934857487716
10.69 0.960715214985
10.71 1.09669719136
10.73 0.968135335498
10.75 0.94986254859
10.77 0.964539661086
10.790000000000001 1.03386417154
10.81 1.01557119874
10.83 0.986445836025
10.85 0.924788262192
10.870000000000001 0.977385938666
10.89 1.0297904189
10.91 1.07118273773
10.93 0.977420714012
10.950000000000001 0.900171953628
10.97 0.979237160894
10.99 0.998937639528
11.01 0.943514273378
11.03 1.10233813921
11.05 0.870659718445
11.07 1.04503678111
11.09 1.06444095314
11.11 0.892520804958
11.13 0.97576623151
11.15 1.04283232446
11.17 1.01454468787
11.19 0.996907454063
11.21 1.05304640235
11.23 0.967077306919
11.25 1.02831619262
11.27 0.984593714296
11.290000000000001 0.920114450832
11.31 1.03329829077
11.33 1.04189321892
11.35 1.03485699731
11.370000000000001 1.10052147586
11.39 0.958674399259
11.41 0.946648107437
11.43 0.929500013412
11.450000000000001 0.938186170743
11.47 0.988009081388
11.49 0.960604691842
11.51 0.958935526434
11.53 1.08013060969
11.55 0.935173584922
11.57 0.948861249646
11.59 1.01342768934
11.61 0.986262761862
11.63 0.999791953377
11.65 0.957544584632
11.67 1.03176890949
11.69 0.923973901271
11.71 0.96775953574
11.73 1.03152313935
11.75 0.934325502843
11.77 1.0380469776
11.790000000000001 0.896112120649
11.81 0.999547008496
11.83 0.987878585683
11.85 0.816861868327
11.870000000000001 0.979577120285
11.89 1.00771403893
11.91 1.18938540759
11.93 0.999387818276
11.950000000000001 0.973019281822
11.97 1.07987401308
11.99 1.02392295055
12.01 1.00255979798
12.030000000000001 0.932204294415
12.05 0.984537213376
12.07 1.04158677974
12.09 0.947105927645
12.11 0.926046049696
12.13 1.00237342749
12.15 1.05901799882
12.17 1.10092670036
12.19 0.963546096758
12.21 0.986137852067
12.23 0.989351302092
12.25 0.944372013627
12.27 0.966884549404
12.290000000000001 0.950903471817
12.31 0.954153283467
12.33 1.07227965862
12.35 0.960621329651
12.370000000000001 0.963839666292
12.39 0.900354674008
12.41 0.898903659224
12.43 1.00192324455
12.450000000000001 0.967127965762
12.47 0.894578541376
12.49 0.912048632055
12.51 0.962489462329
12.530000000000001 0.942110947353
12.55 0.992343101968
12.57 0.934417416029
12.59 0.909492507166
