0.01 0.0
0.03 0.0
0.05 0.0
0.07 0.0
0.09 0.0
0.11 0.0
0.13 0.0
0.15 0.0
0.17 0.0
0.19 0.0
0.21 0.0
0.23 0.0
0.25 0.0
0.27 0.0
0.29 0.0
0.31 0.0
0.33 0.0
0.35000000000000003 0.0
0.37 0.158981677839
0.39 0.150828771283
0.41000000000000003 0.28694254049
0.43 0.136798187908
0.45 0.392154805336
0.47000000000000003 0.625778944685
0.49 0.240094778777
0.51 0.230679297256
0.53 0.443948836229
0.55 0.855610484369
0.5700000000000001 0.825589063865
0.59 1.09670411662
0.61 0.964315095088
0.63 1.02707210921
0.65 1.35745894155
0.67 1.22914192717
0.6900000000000001 1.02301253566
0.71 1.40844331494
0.73 1.28927607234
0.75 0.862740571739
0.77 1.52787586494
0.79 1.4891954633
0.81 0.798833862721
0.8300000000000001 1.41742700724
0.85 1.17646441601
0.87 1.01419346208
0.89 0.859215584725
0.91 1.42209984353
0.93 1.32826627614
0.9500000000000001 0.866868517058
0.97 1.27349240908
0.99 0.713008736974
1.01 1.1065754408
1.03 0.7995389235
1.05 1.5125971063
1.07 0.769649617949
1.09 0.809493864225
1.11 0.794908389194
1.1300000000000001 1.35345463788
1.1500000000000001 0.971861908876
1.17 0.754143856415
1.19 1.08748811564
1.21 0.875056177196
1.23 0.956475134965
1.25 0.988230109446
1.27 1.11161992064
1.29 1.13998489923
1.31 0.8980644397
1.33 1.01724366798
1.35 1.2636099283
1.37 1.33103638307
1.3900000000000001 0.846377277703
1.41 0.70921613731
1.43 1.15178334434
1.45 0.892490246626
1.47 1.12044230096
1.49 1.22383882202
1.51 1.01285015948
1.53 1.0765033872
1.55 0.872860695748
1.57 0.936675490452
1.59 0.961889145163
1.61 0.876867887708
1.6300000000000001 0.938284503564
1.6500000000000001 1.06951310546
1.67 0.986257594258
1.69 0.730939430064
1.71 0.997586785503
1.73 0.986053990295
1.75 1.00839807086
1.77 0.797602993903
1.79 1.11731257386
1.81 0.844974442436
1.83 0.932171258585
1.85 0.731315718059
1.87 1.13242564108
1.8900000000000001 0.84033172572
1.9100000000000001 1.04711492524
1.93 0.853393876897
1.95 0.844641119185
1.97 0.865925585386
1.99 1.00501985287
2.0100000000000002 0.848693235428
2.0300000000000002 1.04317041813
2.05 0.83213336742
2.07 1.39243372909
2.09 1.06951310546
2.11 1.17088875527
2.13 0.994195281133
2.15 1.17646441601
2.17 1.00297657586
2.19 1.0206768906
2.21 1.01143999566
2.23 0.97599065902
2.25 0.993458840184
2.27 0.75148608071
2.29 0.719235887516
2.31 0.84033172572
2.33 1.03508671795
2.35 0.926152838134
2.37 1.04243682431
2.39 0.910652372223
2.41 0.805463189383
2.43 0.944076383216
2.45 1.15245493813
2.47 1.0002329043
2.49 0.732337287073
2.5100000000000002 1.00772848383
2.5300000000000002 0.930011396053
2.5500000000000003 0.922717189026
2.57 1.09864381261
2.59 0.908466730508
2.61 1.194494522
2.63 1.07357969522
2.65 1.06547720695
2.67 0.903277922403
2.69 1.24643999465
2.71 1.04188730569
2.73 1.09889533363
2.75 1.04812284335
2.77 0.955611890259
2.79 1.11743035929
2.81 0.983875935095
2.83 1.51734809838
2.85 1.11454523622
2.87 0.860827621469
2.89 0.997348726373
2.91 1.0309224264
2.93 1.18449488984
2.95 0.877363293294
2.97 0.83184352647
2.99 0.924645945692
3.0100000000000002 1.19209849463
3.0300000000000002 0.873612190105
3.0500000000000003 0.887169887481
3.0700000000000003 1.01551488678
3.09 0.818575564536
3.11 1.13485313441
3.13 0.97725478646
3.15 0.896353840768
3.17 0.946367274706
3.19 0.829794650789
3.21 0.87959956337
3.23 0.892364649913
3.25 0.77827645982
3.27 1.00737014215
3.29 1.01912570992
3.31 1.06628194804
3.33 0.830237650936
3.35 1.05355022329
3.37 1.20439235467
3.39 1.1278788649
3.41 1.13851395098
3.43 1.01182799627
3.45 0.954811699948
3.47 1.2374913886
3.49 0.910158717255
3.5100000000000002 0.938490132428
3.5300000000000002 0.849853898249
3.5500000000000003 0.994195281133
3.5700000000000003 1.16987357894
3.59 0.802879615381
3.61 1.05914386483
3.63 0.891260921218
3.65 0.950841103349
3.67 0.913603156845
3.69 1.13182890971
3.71 1.06230614383
3.73 0.88313682703
3.75 0.941171532806
3.77 0.920575604038
3.79 1.05540343389
3.81 0.988106596122
3.83 0.967588227265
3.85 1.03895558816
3.87 1.03358630864
3.89 0.99802893903
3.91 0.872569515709
3.93 1.00283862433
3.95 1.16157246137
3.97 0.977917524641
3.99 0.899302373139
4.01 0.821471412674
4.03 0.977954291222
4.05 0.973124887315
4.07 1.44528798035
4.09 0.906078951204
4.11 0.901669807889
4.13 1.01124665298
4.15 0.566970802895
4.17 0.804058413818
4.19 0.884454155232
4.21 0.964086041621
4.23 1.2376516906
4.25 0.871967743629
4.2700000000000005 1.07452253453
4.29 1.00095457306
4.3100000000000005 0.832532823393
4.33 0.801517327303
4.3500000000000005 1.04123862106
4.37 1.02301253566
4.39 1.09874808784
4.41 1.0804265045
4.43 0.889651420683
4.45 0.964965195152
4.47 1.0132859064
4.49 0.87776298299
4.51 0.965170363465
4.53 1.25957007012
4.55 1.15060805522
4.57 1.08121456176
4.59 1.14058096977
4.61 1.03355333727
4.63 1.15613673711
4.65 0.999362245856
4.67 1.10844613071
4.69 1.00338116504
4.71 1.111521582
4.73 1.01976830986
4.75 1.10216140026
4.7700000000000005 1.01121679363
4.79 1.06839670347
4.8100000000000005 0.978348786701
4.83 0.779438122407
4.8500000000000005 0.970279930728
4.87 1.06292472904
4.89 0.830020906999
4.91 0.93446257076
4.93 0.942603335341
4.95 1.04574614756
4.97 1.00603093924
4.99 1.04915163351
5.01 0.927551785076
5.03 0.947252661
5.05 0.966797490382
5.07 1.03259697263
5.09 1.05165286696
5.11 1.17416213731
5.13 1.07785238893
5.15 1.10793250828
5.17 1.13777989943
5.19 0.997387944207
5.21 0.970978308797
5.23 1.04599608689
5.25 1.165259993
5.2700000000000005 1.02689493617
5.29 1.02301253566
5.3100000000000005 1.04131501982
5.33 1.15880641352
5.3500000000000005 1.07750946513
5.37 1.00777212544
5.39 0.720284336331
5.41 1.09817842899
5.43 0.682479357352
5.45 1.09011840382
5.47 0.83879547028
5.49 1.23218039928
5.51 1.05689634469
5.53 0.882880167528
5.55 1.07047663078
5.57 0.897661358713
5.59 0.989156127949
5.61 1.04854226026
5.63 1.10750646622
5.65 1.06194133126
5.67 0.985574246214
5.69 0.920082012519
5.71 1.08168794817
5.73 0.872595771035
5.75 0.930941407449
5.7700000000000005 0.835962583298
5.79 1.15817740436
5.8100000000000005 0.931452033328
5.83 1.05942335918
5.8500000000000005 1.00552514189
5.87 1.1924980026
5.89 1.02865734167
5.91 1.00526993246
5.93 1.09115586645
5.95 0.939194281687
5.97 1.04443239612
5.99 0.87400111039
6.01 0.988543311288
6.03 0.877958519409
6.05 0.962561794915
6.07 1.05629836363
6.09 0.985216506016
6.11 1.25155788937
6.13 1.09393917965
6.15 0.851262870119
6.17 0.991509718515
6.19 1.08333556886
6.21 0.9661785059
6.23 0.934751020744
6.25 0.988230109446
6.2700000000000005 0.938169390756
6.29 0.944538203631
6.3100000000000005 0.801711091733
6.33 0.836349110906
6.3500000000000005 1.08382942262
6.37 1.05272326079
6.390000000000001 1.02181181672
6.41 0.880971793578
6.43 1.12523423926
6.45 0.99406683213
6.47 1.00008567049
6.49 0.978876401609
6.51 1.10237065094
6.53 1.22510842708
6.55 0.933987017288
6.57 1.07439672695
6.59 1.03543150423
6.61 0.987802951413
6.63 0.922717189026
6.65 0.955324488187
6.67 1.19057493374
6.69 0.96719795038
6.71 1.02568060114
6.73 0.926487578728
6.75 0.932456981576
6.7700000000000005 0.990523954393
6.79 0.961616717061
6.8100000000000005 0.984705898861
6.83 1.01627233594
6.8500000000000005 0.893082476385
6.87 0.993230511331
6.890000000000001 1.20378434439
6.91 1.19178739682
6.93 1.04404850771
6.95 0.85484105048
6.97 0.903025053894
6.99 1.04350205712
7.01 0.95661157935
7.03 0.861848043021
7.05 0.792653329934
7.07 0.965133467163
7.09 1.15323380695
7.11 0.918337202369
7.13 1.17151435535
7.15 1.02837798602
7.17 0.984489051052
7.19 1.04720059283
7.21 0.94639301149
7.23 0.984455009246
7.25 1.03042055747
7.2700000000000005 1.01949461085
7.29 0.927938325383
7.3100000000000005 0.869070840826
7.33 0.898799553839
7.3500000000000005 1.00039491157
7.37 0.917865724836
7.390000000000001 0.851702926338
7.41 1.12724660643
7.43 0.942121571365
7.45 0.994862526288
7.47 1.10244322785
7.49 1.10735302174
7.51 1.06524074951
7.53 1.04678772739
7.55 1.18425557108
7.57 1.04902705522
7.59 1.00751234572
7.61 0.943026667233
7.63 0.97139263707
7.65 1.13801786646
7.67 0.981665223266
7.69 1.07090388973
7.71 0.968942806958
7.73 0.905557991623
7.75 1.03225264888
7.7700000000000005 1.07501896443
7.79 1.07981008658
7.8100000000000005 0.918877456805
7.83 0.924042932113
7.8500000000000005 0.944168894375
7.87 0.867025872026
7.890000000000001 1.05866886612
7.91 0.95931674883
7.930000000000001 1.00882194563
7.95 0.976687439704
7.97 1.01852000884
7.99 0.949711574875
8.01 1.07218355017
8.03 0.981607918711
8.05 0.759952169347
8.07 0.991320697503
8.09 0.95251445301
8.11 1.04445669485
8.13 1.09976993378
8.15 0.866108772521
8.17 1.11598521714
8.19 0.904972627698
8.21 1.00307562875
8.23 1.06496475082
8.25 1.02673258124
8.27 0.974459643247
8.290000000000001 0.929534610959
8.31 1.01224074301
8.33 0.84739333686
8.35 1.09192805079
8.370000000000001 0.955789489707
8.39 0.93948886618
8.41 1.04916565042
8.43 1.07458790074
8.45 0.974585906752
8.47 1.06951310546
8.49 0.956137157886
8.51 1.04374927625
8.53 0.965445593441
8.55 0.976947058907
8.57 0.816798515198
8.59 0.958702085222
8.61 1.08628247471
8.63 1.15192634012
8.65 0.952052128561
8.67 0.97020998552
8.69 1.00182240258
8.71 0.884712046481
8.73 1.08482686699
8.75 0.941171532806
8.77 0.959147157862
8.790000000000001 1.04396159782
8.81 0.934761738031
8.83 0.945967990221
8.85 1.02359050884
8.870000000000001 0.981492297458
8.89 1.1050031354
8.91 1.01009571071
8.93 0.882677669345
8.950000000000001 0.985864035761
8.97 1.00989699033
8.99 1.16468668548
9.01 0.99235622216
9.03 0.990158312476
9.05 1.00096972412
9.07 0.888509509333
9.09 1.08716183657
9.11 0.981463179106
9.13 0.863341904409
9.15 0.964315095088
9.17 0.981456137673
9.19 1.04972885868
9.21 1.04744931718
9.23 1.11528316794
9.25 1.08743467642
9.27 0.901067675691
9.290000000000001 1.03842930154
9.31 0.947742547804
9.33 0.920491986801
9.35 1.01289182341
9.370000000000001 1.07350808504
9.39 0.927139156385
9.41 1.07519595937
9.43 1.02925041697
9.450000000000001 0.896353840768
9.47 0.981422268898
9.49 1.00414771019
9.51 0.933996460658
9.53 0.981415751024
9.55 0.99783892876
9.57 0.891260921218
9.59 0.950740273624
9.61 0.936519540318
9.63 1.13614943602
9.65 1.09722069887
9.67 0.900293348341
9.69 1.0501978533
9.71 0.848120588265
9.73 0.931015005474
9.75 1.03166879558
9.77 0.921182475175
9.790000000000001 1.05749610428
9.81 0.899437626917
9.83 1.01728866084
9.85 0.889813187742
9.870000000000001 1.04892470728
9.89 1.02896028296
9.91 0.949719003841
9.93 0.97742511904
9.950000000000001 1.09960995667
9.97 1.00890378705
9.99 1.02454859052
10.01 0.981366420945
10.03 0.973544830794
10.05 0.977460484942
10.07 1.03393347385
10.09 0.950266104109
10.11 0.930931288631
10.13 1.12652565008
10.15 1.06635198298
10.17 1.01219898132
10.19 1.00443968786
10.21 1.01399479538
10.23 1.00626233041
10.25 0.975604637665
10.27 1.00807077516
10.290000000000001 0.960379115108
10.31 0.850112502353
10.33 1.02499319884
10.35 0.983228714828
10.370000000000001 0.918935561202
10.39 0.86055144963
10.41 0.932356525654
10.43 0.981326981713
10.450000000000001 0.889384582436
10.47 0.910158717255
10.49 1.09908019799
10.51 1.02982613009
10.53 0.977593887946
10.55 0.98131629013
10.57 0.96276416258
10.59 0.944282109166
10.61 0.98131103503
10.63 1.00713322537
10.65 1.10466142348
10.67 1.0309224264
10.69 1.03999894586
10.71 0.999610288111
10.73 0.915515179279
10.75 0.97947502542
10.77 0.950347299839
10.790000000000001 0.997650547402
10.81 0.963155419211
10.83 0.999397287837
10.85 1.06261302091
10.870000000000001 1.03901181175
10.89 0.880457758536
10.91 1.06755249482
10.93 1.03330817874
10.950000000000001 1.03142085787
10.97 0.986642901301
10.99 1.01160952969
11.01 0.983058367599
11.03 0.965276787386
11.05 0.931589469689
11.07 1.05743639921
11.09 0.938837698978
11.11 0.942442241446
11.13 1.07816145941
11.15 1.1131569138
11.17 1.05850200366
11.19 1.02506953137
11.21 1.07046717603
11.23 1.11570311937
11.25 1.04574614756
11.27 1.02823198737
11.290000000000001 0.989939056871
11.31 1.0245954463
11.33 1.0487458607
11.35 1.03134986249
11.370000000000001 1.00366797144
11.39 1.11035930396
11.41 1.00014941589
11.43 0.844007717521
11.450000000000001 0.95041885136
11.47 0.938504743371
11.49 1.13653220345
11.51 1.06811930037
11.53 0.994841982313
11.55 0.998212231764
11.57 0.991402597759
11.59 0.949089067271
11.61 0.891721521177
11.63 1.0368667467
11.65 1.06538193896
11.67 1.14420489475
11.69 1.1623750218
11.71 1.09006310108
11.73 0.932746723689
11.75 1.04129616396
11.77 1.08450627984
11.790000000000001 1.16748377161
11.81 0.961293955502
11.83 0.994475415053
11.85 0.943157126757
11.870000000000001 0.966346087285
11.89 0.935036899182
11.91 0.96310059245
11.93 1.04530786334
11.950000000000001 1.04848083937
11.97 1.09095697725
11.99 1.03026491811
12.01 1.00405997203
12.030000000000001 0.958383314786
12.05 1.09347729953
12.07 1.03318333137
12.09 1.05093595475
12.11 1.07348734904
12.13 0.950482380616
12.15 0.958600635265
12.17 1.06819488882
12.19 0.974757227373
12.21 1.06951310546
12.23 1.13510058127
12.25 0.821124143418
12.27 0.910873019729
12.290000000000001 0.9716121906
12.31 1.11338833846
12.33 1.02570904072
12.35 0.971654821318
12.370000000000001 1.01288165162
12.39 0.883060457536
12.41 1.03805683765
12.43 1.01272479898
12.450000000000001 1.0252722019
12.47 1.09438550326
12.49 1.05966570697
12.51 1.02975902121
12.530000000000001 1.03750453287
12.55 1.14834176064
12.57 0.832977987468
12.59 0.971821280896
