0.01 0.0
0.03 1.57571865125
0.05 0.0
0.07 0.675307993394
0.09 0.262619775209
0.11 0.0
0.13 0.181813690529
0.15 0.0
0.17 0.13903399864
0.19 0.248797681777
0.21 0.337653996697
0.23 0.308292779593
0.25 0.378172476301
0.27 0.262619775209
0.29 0.407513444289
0.31 0.304977803468
0.33 0.716235750569
0.35000000000000003 0.540246394715
0.37 0.574924372754
0.39 0.424231944568
0.41000000000000003 0.576482433385
0.43 1.15430552359
0.45 0.89290723571
0.47000000000000003 1.25722232813
0.49 1.10943456058
0.51 1.20496132155
0.53 0.758128785037
0.55 1.6330175113
0.5700000000000001 1.16105584829
0.59 0.801212873518
0.61 0.852437958874
0.63 1.08799621158
0.65 1.34542130992
0.67 0.917209364162
0.6900000000000001 1.37019013152
0.71 1.46475254905
0.73 1.45700012273
0.75 1.1345174289
0.77 1.1664410795
0.79 1.34634188556
0.81 1.07965907586
0.8300000000000001 1.33841162546
0.85 1.33472638694
0.87 1.41271327354
0.89 0.87638284536
0.91 0.909068452646
0.93 0.813274142582
0.9500000000000001 0.821032349863
0.97 0.925937764138
0.99 0.883357425702
1.01 0.795659913009
1.03 0.849052282957
1.05 1.260574921
1.07 0.662685414078
1.09 1.01915747627
1.11 0.936913792637
1.1300000000000001 0.752998293519
1.1500000000000001 0.986536894697
1.17 1.17168822785
1.19 0.913651991063
1.21 0.918084007548
1.23 0.826291487852
1.25 0.775253576416
1.27 1.13526186291
1.29 0.971082424609
1.31 1.17276769845
1.33 1.19067461993
1.35 1.01546313081
1.37 1.13865800346
1.3900000000000001 1.25830769992
1.41 1.05606675563
1.43 0.876011418004
1.45 0.782425813036
1.47 1.20590713106
1.49 0.983502245413
1.51 0.766988879914
1.53 0.772411103555
1.55 1.05217342197
1.57 0.933387481315
1.59 1.10003000182
1.61 1.02764259864
1.6300000000000001 1.04403444377
1.6500000000000001 1.24625020599
1.67 0.962414984597
1.69 1.00696813216
1.71 0.953724446811
1.73 1.14763323733
1.75 0.823875751941
1.77 1.05493028347
1.79 1.05634769916
1.81 0.940207814007
1.83 0.891185138823
1.85 1.0604160653
1.87 1.06171417143
1.8900000000000001 0.975444879347
1.9100000000000001 0.952856043035
1.93 0.845009743029
1.95 0.87270571454
1.97 1.03181576656
1.99 1.00956848259
2.0100000000000002 0.787859325626
2.0300000000000002 0.780097164783
2.05 0.933901542084
2.07 0.936296589875
2.09 0.848173915148
2.11 1.03056480508
2.13 1.05417797091
2.15 1.06635843608
2.17 1.16545089183
2.19 1.02529638266
2.21 0.866288760757
2.23 1.10229645558
2.25 0.840383280668
2.27 1.11410944285
2.29 1.135343133
2.31 0.951570354328
2.33 1.01441114888
2.35 1.09629787013
2.37 1.14688382844
2.39 0.959276417394
2.41 0.970930372245
2.43 0.972665834107
2.45 1.01296199009
2.47 0.95691416068
2.49 1.01567407039
2.5100000000000002 1.10174750317
2.5300000000000002 0.999615982316
2.5500000000000003 1.02885158994
2.57 0.984057756911
2.59 1.01296199009
2.61 1.05047910084
2.63 1.07843862063
2.65 0.874077893336
2.67 0.98261106904
2.69 0.975305410534
2.71 1.0989329339
2.73 1.08222434839
2.75 1.07435362585
2.77 0.87887556541
2.79 0.948819833012
2.81 0.984123214572
2.83 1.06903880226
2.85 1.09470979982
2.87 0.831781796741
2.89 0.875096344381
2.91 0.917815503049
2.93 1.02448601728
2.95 0.913382675811
2.97 0.883357425702
2.99 0.774684420516
3.0100000000000002 1.11504343095
3.0300000000000002 1.09208223354
3.0500000000000003 0.906684010803
3.0700000000000003 0.893078323511
3.09 1.08617499261
3.11 0.987990794194
3.13 0.989229121314
3.15 1.02046541224
3.17 1.05130755438
3.19 1.0373069491
3.21 1.07502300506
3.23 1.13422472575
3.25 1.01088411934
3.27 0.946876804193
3.29 0.998593734912
3.31 0.956856341093
3.33 0.944011624399
3.35 1.01598575723
3.37 1.00294258366
3.39 1.02491434396
3.41 1.03276574356
3.43 0.916489419606
3.45 0.97968594404
3.47 1.13751447302
3.49 0.961685022111
3.5100000000000002 0.969673016156
3.5300000000000002 1.04452737788
3.5500000000000003 0.97206305528
3.5700000000000003 0.986479323683
3.59 1.0270700958
3.61 0.91007573071
3.63 1.0027300508
3.65 0.984284527358
3.67 1.04332324865
3.69 1.07610054232
3.71 0.936512028575
3.73 1.12792729192
3.75 1.02106568601
3.77 1.19746258245
3.79 0.922980318148
3.81 0.986375061217
3.83 1.0923062713
3.85 0.988405335786
3.87 0.989404734508
3.89 1.17267493454
3.91 0.949058164629
3.93 0.91415738546
3.95 1.0112523496
3.97 1.09546183311
3.99 0.989266972779
4.01 1.06095769536
4.03 0.985312903513
4.05 1.11467504589
4.07 0.934978020338
4.09 0.953521677714
4.11 1.02364204351
4.13 0.950009550029
4.15 1.12768298656
4.17 1.02591753912
4.19 1.07178953605
4.21 0.999327505664
4.23 0.983427243335
4.25 0.950992550697
4.2700000000000005 1.1181329071
4.29 1.0853726374
4.3100000000000005 0.992593071497
4.33 0.889753372359
4.3500000000000005 1.03780090479
4.37 1.00600801762
4.39 0.920664770037
4.41 1.03440033909
4.43 0.858997865186
4.45 1.04634800325
4.47 0.957064013009
4.49 0.921216360699
4.51 0.948575640388
4.53 0.96004050275
4.55 0.971404575113
4.57 1.0499044405
4.59 0.968088583123
4.61 0.789568348025
4.63 1.04650860747
4.65 0.991177861272
4.67 0.997055377827
4.69 1.01800160198
4.71 1.05382457568
4.73 1.07435362585
4.75 0.995190727107
4.7700000000000005 1.04056892064
4.79 0.981945756574
4.8100000000000005 0.997518356146
4.83 0.964026628251
4.8500000000000005 1.0136581839
4.87 0.994935288009
4.89 0.884529181531
4.91 0.991643713314
4.93 0.99241509374
4.95 0.978855525778
4.97 1.05100751085
4.99 0.989955505346
5.01 0.905802338445
5.03 1.05256752847
5.05 1.03435788691
5.07 1.11885348018
5.09 0.984437192728
5.11 0.966708017941
5.13 0.99058336263
5.15 0.97755749335
5.17 0.928058664036
5.19 1.06110533451
5.21 1.03434890351
5.23 0.958085145504
5.25 1.03097020325
5.2700000000000005 0.905963475009
5.29 1.00977055345
5.3100000000000005 0.921394804546
5.33 0.886896051362
5.3500000000000005 1.10005778737
5.37 0.977121621727
5.39 0.982266172209
5.41 0.991741591038
5.43 1.08820348843
5.45 1.02349431659
5.47 0.941974403948
5.49 0.947153287638
5.51 1.09814149198
5.53 1.11554041947
5.55 0.979500783211
5.57 0.942036464753
5.59 1.01054586131
5.61 1.07856677733
5.63 0.911006076346
5.65 1.06674758249
5.67 1.07965907586
5.69 1.03017106901
5.71 1.00172656813
5.73 0.9487311251
5.75 1.0605271618
5.7700000000000005 0.950346777532
5.79 0.955228405164
5.8100000000000005 1.00482574921
5.83 0.859482900683
5.8500000000000005 0.989874537325
5.87 1.00663457278
5.89 1.04735798296
5.91 1.02381719472
5.93 0.988477804833
5.95 0.957348390635
5.97 1.0056093905
5.99 1.00225176315
6.01 0.998916482741
6.03 1.03088061015
6.05 1.04700644265
6.07 0.977360909714
6.09 0.94698362292
6.11 0.959357345771
6.13 0.971650326547
6.15 0.9877065692
6.17 0.950028100917
6.19 0.897319587345
6.21 0.997193929054
6.23 0.925703092068
6.25 1.0021570622
6.2700000000000005 0.897179519134
6.29 0.946934261007
6.3100000000000005 0.958915946246
6.33 0.974555848287
6.3500000000000005 1.04965195194
6.37 1.05748779185
6.390000000000001 1.0134904001
6.41 1.08776209544
6.43 0.996158058685
6.45 0.923444418874
6.47 1.06306211943
6.49 0.899543544359
6.51 0.994808549408
6.53 0.999000798803
6.55 1.00677596267
6.57 1.06127169434
6.59 0.925346157868
6.61 1.07987980184
6.63 1.05523239993
6.65 0.881454644009
6.67 1.07725293099
6.69 0.975108403017
6.71 1.04969632952
6.73 1.05008887829
6.75 1.01896472781
6.7700000000000005 1.04388451268
6.79 1.01992392817
6.8100000000000005 0.982221097587
6.83 0.975884318419
6.8500000000000005 0.976485499937
6.87 0.997725783544
6.890000000000001 0.994829627424
6.91 0.964586091867
6.93 0.917463890015
6.95 1.07126196074
6.97 1.04784159951
6.99 1.04146211285
7.01 1.07220798381
7.03 1.04898482046
7.05 1.019188234
7.07 0.9962464457
7.09 0.996769837922
7.11 1.05380340179
7.13 1.01438269414
7.15 1.01815666696
7.17 0.979055312598
7.19 1.00263043525
7.21 0.983458242807
7.23 0.876125723103
7.25 0.994332804066
7.2700000000000005 1.00135077975
7.29 0.975908053554
7.3100000000000005 1.07023845465
7.33 1.0060522903
7.3500000000000005 0.977588714247
7.37 0.987763930636
7.390000000000001 0.969098953984
7.41 0.988811299369
7.43 0.919345942555
7.45 0.942258602863
7.47 1.0694636629
7.49 0.975094252144
7.51 1.11727054833
7.53 1.04838651298
7.55 1.02995649589
7.57 0.996012383916
7.59 0.884395448529
7.61 1.01873006099
7.63 0.966495843757
7.65 0.917624391024
7.67 1.04157673557
7.69 1.08804499846
7.71 1.10055057549
7.73 1.02431904561
7.75 1.11926853873
7.7700000000000005 0.976458855313
7.79 1.09531662343
7.8100000000000005 0.986589526841
7.83 1.05047910084
7.8500000000000005 1.04780272096
7.87 1.00609735992
7.890000000000001 1.00354704975
7.91 1.02790243242
7.930000000000001 0.974640603328
7.95 0.960296461046
7.97 0.996439398032
7.99 0.964363479928
8.01 0.991463421013
8.03 0.953672807608
8.05 1.01296199009
8.07 0.998736171147
8.09 1.00211031653
8.11 0.906378237743
8.13 0.912870214932
8.15 0.948331286429
8.17 0.998083723407
8.19 0.984102674134
8.21 0.973068643344
8.23 0.985063482466
8.25 0.982675449781
8.27 1.05460734398
8.290000000000001 1.03780745909
8.31 0.97558032018
8.33 0.987425133198
8.35 0.891649176906
8.370000000000001 1.02224041533
8.39 0.909935264043
8.41 0.958359203467
8.43 0.986926984415
8.45 0.99577959736
8.47 0.96552299882
8.49 0.985520145837
8.51 1.09430049693
8.53 0.997524116854
8.55 1.08088770639
8.57 0.923919045805
8.59 1.07035137719
8.61 1.03492322565
8.63 0.964054980141
8.65 0.942698730663
8.67 0.902357912742
8.69 0.911160670028
8.71 0.998618479324
8.73 1.00986779539
8.75 0.96704104654
8.77 1.07533365197
8.790000000000001 0.970707223724
8.81 1.01411177669
8.83 0.982370461511
8.85 1.02822318768
8.870000000000001 1.02057538348
8.89 0.98371636833
8.91 1.03721547582
8.93 1.07194745872
8.950000000000001 0.979762490974
8.97 0.972307997178
8.99 0.988548742276
9.01 0.970614707486
9.03 0.892558239331
9.05 0.997664958196
9.07 0.96419388252
9.09 0.954271856452
9.11 1.01703904164
9.13 0.973390273063
9.15 1.05392329461
9.17 1.04904715004
9.19 1.07762695573
9.21 0.982899419267
9.23 0.962844332943
9.25 0.945431190752
9.27 0.912794946842
9.290000000000001 0.926095138411
9.31 0.962186952994
9.33 1.03105705958
9.35 1.00104479021
9.370000000000001 0.95854816565
9.39 0.999297611098
9.41 1.14034474124
9.43 0.944929901679
9.450000000000001 0.980447160779
9.47 1.03578126759
9.49 1.07593855217
9.51 0.979232095573
9.53 0.96725646483
9.55 1.01967971359
9.57 1.11140030261
9.59 0.98831571296
9.61 1.06742231214
9.63 1.00875446365
9.65 1.00911308443
9.67 1.0412453135
9.69 0.968359604562
9.71 1.00774591393
9.73 1.07126196074
9.75 1.01573248442
9.77 1.00881475574
9.790000000000001 0.987439624661
9.81 0.881824199325
9.83 0.971399290599
9.85 0.899839331299
9.870000000000001 0.979436061341
9.89 0.910539139728
9.91 0.944477173405
9.93 1.040164729
9.950000000000001 1.05707758765
9.97 1.04073293064
9.99 1.07413854004
10.01 0.982266172209
10.03 0.975594498931
10.05 0.980708473989
10.07 1.03274509417
10.09 0.962765657579
10.11 1.05671339817
10.13 0.965963753631
10.15 0.950088487258
10.17 1.03653468799
10.19 1.04145879452
10.21 0.972284770117
10.23 1.01197180242
10.25 1.00999722329
10.27 0.966604430661
10.290000000000001 0.911895487678
10.31 0.983486859439
10.33 0.983870793861
10.35 1.01622434755
10.370000000000001 0.948166285807
10.39 1.00093773804
10.41 0.928629579773
10.43 1.00616358747
10.450000000000001 1.04268846636
10.47 1.06552894469
10.49 1.01167446293
10.51 0.946780521661
10.53 0.971917629619
10.55 0.945431190752
10.57 0.916808865204
10.59 0.997657559646
10.61 1.09379527488
10.63 1.07617285118
10.65 1.02976542842
10.67 0.932583250484
10.69 1.06571055646
10.71 1.06151354517
10.73 0.914151780433
10.75 0.993802088883
10.77 1.02926469002
10.790000000000001 0.95945055966
10.81 0.999218441659
10.83 0.990825855497
10.85 0.975928971098
10.870000000000001 0.939342857417
10.89 0.985366759874
10.91 1.08538273732
10.93 0.957973507555
10.950000000000001 1.03177193877
10.97 1.06436419378
10.99 1.00866066529
11.01 1.0068284025
11.03 0.996431332048
11.05 0.996766821019
11.07 1.01845229898
11.09 0.935627350631
11.11 0.97649171142
11.13 1.00446754992
11.15 1.03234302667
11.17 0.920462327612
11.19 0.937827186536
11.21 1.05844437502
11.23 1.02077944683
11.25 0.995854187592
11.27 1.08846226264
11.290000000000001 1.0153545782
11.31 1.09924139331
11.33 1.00133930177
11.35 0.989162589443
11.370000000000001 0.993658991159
11.39 1.01681581095
11.41 1.01089049318
11.43 0.963628466514
11.450000000000001 1.01768029922
11.47 1.00766314795
11.49 1.00179501718
11.51 1.06576626412
11.53 1.01471907941
11.55 0.980219784351
11.57 0.947882611298
11.59 1.04821318388
11.61 1.0260493543
11.63 1.00802637707
11.65 0.969777058325
11.67 0.984317820705
11.69 0.9421961824
11.71 0.976918651417
11.73 1.03570254059
11.75 1.0701476457
11.77 0.941816543038
11.790000000000001 0.984322974256
11.81 1.02668543788
11.83 0.996978368946
11.85 0.997290285603
11.870000000000001 0.947820654587
11.89 0.930323375256
11.91 0.976389894731
11.93 1.01635834211
11.950000000000001 1.0660824515
11.97 0.890537733979
11.99 0.975789073023
12.01 0.997780211722
12.030000000000001 1.05113401299
12.05 0.998391029238
12.07 1.00456959581
12.09 0.985312903513
12.11 1.07932173511
12.13 1.01713743111
12.15 1.01935379414
12.17 0.994372986164
12.19 0.992741529255
12.21 1.00660159539
12.23 0.987562016505
12.25 1.01103253868
12.27 0.999753031785
12.290000000000001 0.89427482445
12.31 0.99074430225
12.33 1.01214044752
12.35 0.9856215855
12.370000000000001 1.00504609203
12.39 1.04157673557
12.41 1.07798963329
12.43 1.02871736564
12.450000000000001 0.983400314878
12.47 0.966659798082
12.49 1.03891457911
12.51 1.02402818822
12.530000000000001 1.00730298456
12.55 1.00569772084
12.57 0.989054905202
12.59 1.00437983926
