0.01 0.0
0.03 0.0
0.05 0.0
0.07 0.0
0.09 0.0
0.11 0.0
0.13 0.0
0.15 0.0
0.17 0.0
0.19 0.0
0.21 0.0
0.23 0.0
0.25 0.0
0.27 0.0
0.29 0.0
0.31 0.191479083767
0.33 0.0
0.35000000000000003 0.508787279723
0.37 0.0
0.39 0.0
0.41000000000000003 0.144776868214
0.43 0.0
0.45 0.263815626523
0.47000000000000003 0.126294714825
0.49 0.847978799538
0.51 0.814724728968
0.53 1.23196919933
0.55 0.863396595893
0.5700000000000001 1.04137747312
0.59 1.91154542947
0.61 0.681163297989
0.63 1.60173773246
0.65 0.639245556575
0.67 1.15173239937
0.6900000000000001 0.946295182093
0.71 0.91963897978
0.73 1.30100856915
0.75 1.18717031935
0.77 1.69595759908
0.79 1.65302196366
0.81 1.90533508044
0.8300000000000001 1.71639082316
0.85 1.67600515673
0.87 1.29633540619
0.89 1.13381434994
0.91 1.17412449167
0.93 1.1488745026
0.9500000000000001 1.31213561613
0.97 1.34627561988
0.99 0.839413357118
1.01 1.17541615778
1.03 1.03733328875
1.05 0.961042639476
1.07 1.10950497136
1.09 1.14360443607
1.11 1.55080807483
1.1300000000000001 0.577826261632
1.1500000000000001 1.39363472272
1.17 1.31907813261
1.19 1.14726543467
1.21 1.07924574487
1.23 1.15821494571
1.25 0.617328566064
1.27 0.701084834264
1.29 0.828258362339
1.31 0.860925040752
1.33 1.24965296774
1.35 1.27510886153
1.37 1.16983936579
1.3900000000000001 1.49463889127
1.41 1.30504538652
1.43 1.28679300349
1.45 1.4737286723
1.47 1.29215817072
1.49 0.836596533772
1.51 0.904136335931
1.53 1.08629963862
1.55 0.80421215182
1.57 1.32327901839
1.59 1.23196919933
1.61 0.884847442996
1.6300000000000001 1.2381530938
1.6500000000000001 0.755472021406
1.67 1.10186466766
1.69 1.05370146688
1.71 0.555401318996
1.73 1.23520611262
1.75 1.18717031935
1.77 1.17375596546
1.79 1.22696373788
1.81 0.787074244875
1.83 0.843345035606
1.85 0.994656213512
1.87 1.14273078868
1.8900000000000001 1.224858266
1.9100000000000001 1.24311028204
1.93 0.861159817147
1.95 1.30893137775
1.97 1.0244616969
1.99 1.1036507994
2.0100000000000002 0.974542799469
2.0300000000000002 0.906460096058
2.05 1.24508106664
2.07 1.14702446314
2.09 1.02244333724
2.11 1.06901592738
2.13 1.0032425234
2.15 1.02151864689
2.17 0.902687109185
2.19 1.27390422396
2.21 1.23551662195
2.23 1.19781758679
2.25 1.05526250609
2.27 1.17671066896
2.29 1.0886714719
2.31 1.49038698101
2.33 1.09545759082
2.35 1.5155365779
2.37 0.726327832515
2.39 0.869266970237
2.41 1.03446376375
2.43 1.22136864131
2.45 1.04180252515
2.47 0.985303301487
2.49 0.977389218744
2.5100000000000002 1.13514293484
2.5300000000000002 1.05578388085
2.5500000000000003 1.32683741575
2.57 1.06244814572
2.59 1.28342737227
2.61 0.886966330551
2.63 1.19619823053
2.65 1.0975725594
2.67 0.95596111858
2.69 1.10331814066
2.71 1.2923071742
2.73 0.934950984106
2.75 1.25192506404
2.77 0.985737088271
2.79 1.02122178009
2.81 1.41530981133
2.83 0.985812809357
2.85 0.937239725805
2.87 0.992755667752
2.89 1.17073889625
2.91 0.938313310829
2.93 0.992685079322
2.95 1.12680572684
2.97 1.09923177718
2.99 1.07202670978
3.0100000000000002 1.08462404592
3.0300000000000002 1.13623561918
3.0500000000000003 1.03147585124
3.0700000000000003 1.17943631076
3.09 1.21022217021
3.11 1.12609403283
3.13 0.872361576521
3.15 1.16832634603
3.17 1.2920307892
3.19 1.1908918564
3.21 0.980062724699
3.23 1.02912597343
3.25 0.931472096723
3.27 0.853165214214
3.29 0.902105105891
3.31 1.0939182701
3.33 1.21212585159
3.35 1.06313759942
3.37 0.968759162677
3.39 0.840474562374
3.41 0.7833235245
3.43 1.0210356974
3.45 1.30760788798
3.47 1.11190303686
3.49 1.02049024586
3.5100000000000002 0.879385421743
3.5300000000000002 0.773510406377
3.5500000000000003 0.96980110595
3.5700000000000003 1.04750322296
3.59 0.992064333721
3.61 0.937239725805
3.63 1.11195016138
3.65 1.1221198909
3.67 0.938090988045
3.69 1.07778335226
3.71 1.07197319942
3.73 1.03439773134
3.75 1.0921966938
3.77 0.976187795754
3.79 0.924050776277
3.81 0.997098430953
3.83 0.898901808387
3.85 0.863396595893
3.87 1.02765389401
3.89 1.06814810225
3.91 1.18413407813
3.93 1.07238031392
3.95 0.9617582334
3.97 0.956913103761
3.99 1.10088475729
4.01 1.06578881538
4.03 1.1488745026
4.05 1.05526250609
4.07 1.16675215661
4.09 1.0304290058
4.11 1.03985721403
4.13 1.10668419601
4.15 0.758072613563
4.17 0.811375398119
4.19 0.977503007582
4.21 0.986958697799
4.23 1.03842321078
4.25 1.11733677116
4.2700000000000005 0.959189133903
4.29 0.982390357506
4.3100000000000005 1.18441586386
4.33 1.01444115049
4.3500000000000005 1.14623341179
4.37 1.22248659888
4.39 1.01409765321
4.41 0.807598856703
4.43 1.15233236416
4.45 0.973746441716
4.47 0.836596533772
4.49 1.2030345107
4.51 1.10556881181
4.53 1.06137743783
4.55 0.952345421019
4.57 0.909211404318
4.59 1.21562102417
4.61 1.0300827066
4.63 0.923069794745
4.65 1.07228286909
4.67 1.09311185722
4.69 1.22767079933
4.71 1.10903384398
4.73 1.04159763749
4.75 1.19966684903
4.7700000000000005 0.945754132818
4.79 1.04094265998
4.8100000000000005 0.987251824826
4.83 1.31498161667
4.8500000000000005 1.08925936518
4.87 0.97508855799
4.89 1.11676553559
4.91 1.02759141696
4.93 1.09566429068
4.95 0.92335469283
4.97 1.21822306412
4.99 1.02301249964
5.01 0.983384595871
5.03 0.979474517955
5.05 1.04612038042
5.07 1.06540926096
5.09 1.13119372276
5.11 0.975756426865
5.13 0.971952308242
5.15 1.1295406922
5.17 0.803693639794
5.19 0.960715865372
5.21 0.934241518109
5.23 0.964717754732
5.25 1.11933201539
5.2700000000000005 1.04750322296
5.29 0.931333993443
5.3100000000000005 1.01725517007
5.33 0.946617984475
5.3500000000000005 0.943079225654
5.37 0.994835463145
5.39 1.01316947477
5.41 1.08622792621
5.43 1.00570597956
5.45 0.947557961318
5.47 0.868131860587
5.49 0.951466194017
5.51 0.96955833704
5.53 0.837244890683
5.55 0.973265757307
5.57 0.948457436467
5.59 1.01939490749
5.61 1.0898265855
5.63 1.12812810098
5.65 1.07160506703
5.67 1.04688740684
5.69 0.907590665938
5.71 0.894016177446
5.73 1.06700299209
5.75 1.16652387902
5.7700000000000005 0.915581962066
5.79 0.871411719732
5.8100000000000005 0.827545575453
5.83 0.946885417666
5.8500000000000005 1.00452873176
5.87 1.00110614664
5.89 1.0077846514
5.91 1.06463666541
5.93 1.0310163819
5.95 1.1372892135
5.97 1.03405119944
5.99 1.19906184175
6.01 1.18519499436
6.03 0.954855066146
6.05 0.981132495333
6.07 1.09524774108
6.09 1.15987904764
6.11 1.02007269666
6.13 0.948961592957
6.15 1.07134882478
6.17 0.942809491869
6.19 1.11237283558
6.21 1.06099762841
6.23 1.19098146002
6.25 0.873757355044
6.2700000000000005 1.0129762693
6.29 1.18905771255
6.3100000000000005 1.01596192147
6.33 1.12527992356
6.3500000000000005 0.981518767969
6.37 0.997073973083
6.390000000000001 0.910349697156
6.41 0.879728395776
6.43 1.01546450333
6.45 1.01231577619
6.47 0.95413997846
6.49 0.942053489163
6.51 0.939159315617
6.53 0.936282870546
6.55 0.951548729252
6.57 1.05706946244
6.59 1.13492761941
6.61 1.05965278127
6.63 1.14598643195
6.65 0.919387540551
6.67 0.952228067247
6.69 0.967126792298
6.71 1.05270691507
6.73 1.12895840176
6.75 0.984911672352
6.7700000000000005 1.04337716398
6.79 0.987851591214
6.8100000000000005 0.993666787124
6.83 1.23410091763
6.8500000000000005 0.857882201576
6.87 1.04547022301
6.890000000000001 1.07689615326
6.91 1.08236946627
6.93 0.830847914699
6.95 0.811375398119
6.97 0.91124264111
6.99 0.968078801189
7.01 1.07539679428
7.03 1.02167573714
7.05 0.934580889703
7.07 0.982312074712
7.09 0.920936072841
7.11 1.06862025933
7.13 1.14054932504
7.15 0.946415499344
7.17 0.885824436337
7.19 1.04847448232
7.21 1.04556609263
7.23 0.886683226073
7.25 0.949736255482
7.2700000000000005 1.10225579857
7.29 1.03409211631
7.3100000000000005 0.998782142821
7.33 1.02844904883
7.3500000000000005 1.04987851371
7.37 0.9503805813
7.390000000000001 1.18074449895
7.41 0.961271513646
7.43 1.17438786639
7.45 0.972045496383
7.47 1.03301299542
7.49 1.04610468728
7.51 1.19349346353
7.53 1.15090880893
7.55 1.08496360312
7.57 1.09777968764
7.59 1.07924574487
7.61 1.12320976338
7.63 1.01135086183
7.65 1.06302178922
7.67 0.882251736677
7.69 0.918551807562
7.71 0.977760250051
7.73 1.2132788516
7.75 1.01866872564
7.7700000000000005 1.15355674532
7.79 0.98295873682
7.8100000000000005 0.988041879103
7.83 1.06890814195
7.8500000000000005 1.15692394179
7.87 0.701441167089
7.890000000000001 0.887744598756
7.91 0.938029645506
7.930000000000001 0.973090425699
7.95 1.05277367943
7.97 0.930967941776
7.99 0.995499516854
8.01 0.963371669887
8.03 1.09402993315
8.05 0.685756768322
8.07 0.926787238157
8.09 0.953845126798
8.11 1.04664214345
8.13 1.10977791231
8.15 1.12890429141
8.17 1.09707905889
8.19 1.12339071734
8.21 1.01220368276
8.23 1.08908091265
8.25 1.0864407165
8.27 0.99768243283
8.290000000000001 0.937993436883
8.31 0.985737088271
8.33 1.08313258428
8.35 0.981014994435
8.370000000000001 0.96448723675
8.39 1.05416196415
8.41 0.966957989009
8.43 0.950581216564
8.45 0.934281967301
8.47 1.00215676309
8.49 0.985812809357
8.51 0.983495975492
8.53 0.98119000603
8.55 1.15245773692
8.57 0.969684041478
8.59 0.939785584587
8.61 0.923814301935
8.63 0.962942321607
8.65 0.988164890097
8.67 0.855803286731
8.69 0.922140351626
8.71 1.03587766097
8.73 0.82272398993
8.75 0.99043923786
8.77 1.09647429724
8.790000000000001 1.08722651545
8.81 0.936530501646
8.83 1.18313689811
8.85 0.992662187933
8.870000000000001 0.950271619775
8.89 0.961487772704
8.91 0.919357486368
8.93 0.771062469457
8.950000000000001 0.935145335356
8.97 0.946295182093
8.99 1.0234226891
9.01 1.04091515237
9.03 1.07805056685
9.05 0.964165949972
9.07 0.942406427711
9.09 1.05134445223
9.11 1.02297332677
9.13 1.16376498995
9.15 0.973090425699
9.17 1.02922617654
9.19 0.949477894151
9.21 1.05698117467
9.23 1.07398398338
9.25 1.08449612957
9.27 0.934880618261
9.290000000000001 1.10538463535
9.31 0.771469434166
9.33 0.986127542871
9.35 0.952275657235
9.370000000000001 1.08327707903
9.39 1.03671955471
9.41 1.06605623789
9.43 1.08897383483
9.450000000000001 1.05526250609
9.47 0.959012982371
9.49 0.850659449062
9.51 0.936254195073
9.53 1.04640405903
9.55 0.950979365764
9.57 1.02962525085
9.59 0.916064688552
9.61 0.926511695645
9.63 0.893767893594
9.65 0.947275798862
9.67 1.00056236843
9.69 1.03525172327
9.71 1.08813757387
9.73 0.884582200957
9.75 0.888855726285
9.77 1.11790859141
9.790000000000001 0.860971324556
9.81 1.11940116759
9.83 0.929929955139
9.85 1.00638296108
9.870000000000001 0.980287548402
9.89 0.954297678347
9.91 0.970341027927
9.93 1.02816361998
9.950000000000001 0.942577439486
9.97 1.12525170691
9.99 0.956628735815
10.01 0.942857546339
10.03 0.982404152605
10.05 0.903666959507
10.07 1.13176117833
10.09 0.764777708206
10.11 1.05095690981
10.13 0.96098683304
10.15 1.08775211527
10.17 1.17899903889
10.19 0.996104634982
10.21 0.94182953837
10.23 0.974802608266
10.25 0.92078088184
10.27 1.00568469118
10.290000000000001 0.957581501519
10.31 0.915422312207
10.33 0.988350895105
10.35 1.00938152757
10.370000000000001 1.05322728429
10.39 0.976930339795
10.41 1.0548823683
10.43 1.05285958332
10.450000000000001 1.00540261495
10.47 1.00915146535
10.49 0.809177100417
10.51 0.892354474109
10.53 0.913207937964
10.55 1.02963113005
10.57 0.982756886882
10.59 0.997716321269
10.61 0.945484373094
10.63 1.01629820377
10.65 0.925212549355
10.67 0.906788950584
10.69 1.16607000498
10.71 1.00870680729
10.73 0.984698587348
10.75 0.78960630543
10.77 0.997575802242
10.790000000000001 1.01223048545
10.81 0.966429122137
10.83 0.827621044424
10.85 1.08869536199
10.870000000000001 0.928330056532
10.89 0.937526606652
10.91 1.09903026815
10.93 1.0209881978
10.950000000000001 1.10043641474
10.97 0.941511556825
10.99 0.923594743446
11.01 0.981221608185
11.03 0.97406086946
11.05 0.859489823966
11.07 1.0134380775
11.09 1.04907746886
11.11 1.03116053841
11.13 1.03997399943
11.15 1.02746130778
11.17 0.999051119241
11.19 1.10866218385
11.21 0.884288328867
11.23 0.998999066597
11.25 0.92863100536
11.27 0.916449137389
11.290000000000001 0.85173424152
11.31 0.939449545377
11.33 0.911595920421
11.35 0.962287835951
11.370000000000001 0.939712653841
11.39 1.0318688465
11.41 0.957227601932
11.43 0.997098430953
11.450000000000001 1.02127752364
11.47 1.02467185367
11.49 0.98155944594
11.51 1.00048237165
11.53 0.942116949009
11.55 1.0227138249
11.57 0.964511754703
11.59 1.01406265415
11.61 0.925399775206
11.63 1.03609447476
11.65 1.06488668131
11.67 0.996938228763
11.69 0.939377712063
11.71 1.01380898322
11.73 0.961476388223
11.75 1.02046129578
11.77 1.00359767864
11.790000000000001 0.971687326697
11.81 0.980094040109
11.83 0.928260816062
11.85 0.921684973675
11.870000000000001 1.08515568365
11.89 0.94853810209
11.91 1.01672017275
11.93 1.00506456207
11.950000000000001 1.08285828292
11.97 1.08600793625
11.99 1.09904841908
12.01 0.948945467593
12.030000000000001 1.01644674059
12.05 0.911313315686
12.07 0.939310401808
12.09 0.91811765806
12.11 0.91660136135
12.13 1.0667894873
12.15 1.00152228587
12.17 0.985244061254
12.19 0.925194260365
12.21 1.02090813704
12.23 1.10174841575
12.25 0.925508289781
12.27 0.953025887989
12.290000000000001 1.0770503711
12.31 0.920997282682
12.33 0.929131677352
12.35 1.06220502258
12.370000000000001 1.02689752765
12.39 1.03482158588
12.41 0.970973307126
12.43 0.993288119169
12.450000000000001 0.929711695879
12.47 0.956781211668
12.49 0.979011552389
12.51 1.02015035436
12.530000000000001 1.07536976254
12.55 1.08311555033
12.57 0.85472485204
12.59 0.98066491829
