0.01 0.0
0.03 0.0
0.05 0.0
0.07 0.0
0.09 0.0
0.11 0.645238059319
0.13 0.181990221859
0.15 0.0
0.17 0.417506979559
0.19 0.49807850193
0.21 0.450642454127
0.23 0.411456153768
0.25 0.5678094922
0.27 0.613374451451
0.29 0.571072765144
0.31 0.381592400672
0.33 0.430158706212
0.35000000000000003 0.608367313072
0.37 0.511540083063
0.39 0.727960887436
0.41000000000000003 0.98097168368
0.43 0.990365393373
0.45 0.736049341741
0.47000000000000003 1.25844302349
0.49 0.965662401701
0.51 1.67002791824
0.53 1.07133866453
0.55 1.50555547174
0.5700000000000001 0.954650462033
0.59 1.04258805065
0.61 1.12475924001
0.63 1.35192736238
0.65 1.09194133115
0.67 1.02403453195
0.6900000000000001 1.40580852538
0.71 1.09963105884
0.73 1.81491618512
0.75 1.64033853302
0.77 1.47482984987
0.79 1.58723117545
0.81 1.16833228848
0.8300000000000001 1.42522462902
0.85 1.36385613323
0.87 1.0061758243
0.89 1.24939354557
0.91 0.961948315541
0.93 0.992140241748
0.9500000000000001 0.971253078764
0.97 1.0243985684
0.99 1.00370364783
1.01 0.655885552047
1.03 1.01066414469
1.05 1.12660613532
1.07 0.729661730631
1.09 1.19378906999
1.11 1.06570850638
1.1300000000000001 0.900287911675
1.1500000000000001 0.987494769044
1.17 1.05149905963
1.19 0.974182952305
1.21 1.05584409707
1.23 1.26949276711
1.25 0.889568204447
1.27 0.819672495303
1.29 1.4488678903
1.31 1.08360590115
1.33 1.04952255764
1.35 0.92882416934
1.37 1.08795614381
1.3900000000000001 0.987198757423
1.41 1.05709213973
1.43 1.00921850304
1.45 0.995298247823
1.47 0.997851148425
1.49 0.873308782747
1.51 1.26911061998
1.53 0.98964617377
1.55 1.16004089804
1.57 0.979501512554
1.59 1.23501540494
1.61 0.925776345979
1.6300000000000001 1.19019372087
1.6500000000000001 1.23312162448
1.67 0.977516341363
1.69 1.09194133115
1.71 1.27286728271
1.73 1.06669413275
1.75 0.91931060642
1.77 0.788624294723
1.79 0.964853187398
1.81 1.25482760707
1.83 1.04718963725
1.85 1.04865717028
1.87 1.02478985892
1.8900000000000001 0.938838446099
1.9100000000000001 1.11480921244
1.93 1.01744792428
1.95 1.01914524241
1.97 0.996789083178
1.99 1.04621514476
2.0100000000000002 0.929870437061
2.0300000000000002 1.10718189161
2.05 0.992512527017
2.07 1.01721104682
2.09 1.09803669744
2.11 1.08762876666
2.13 1.32177874749
2.15 1.23245471175
2.17 1.29741416229
2.19 1.08030725305
2.21 0.995593566641
2.23 0.912399408244
2.25 0.851714238301
2.27 1.16730292082
2.29 1.04346358647
2.31 1.01394552179
2.33 1.12708965726
2.35 1.19803775837
2.37 0.948345670869
2.39 1.0097030719
2.41 1.04059139304
2.43 1.17806839088
2.45 0.907722657599
2.47 0.938686407484
2.49 0.874137772464
2.5100000000000002 0.8388951661
2.5300000000000002 1.14085569909
2.5500000000000003 1.14118574413
2.57 0.966601762014
2.59 1.14183054255
2.61 1.10588694203
2.63 0.989528582732
2.65 0.964204798076
2.67 0.965843237357
2.69 0.800351050035
2.71 1.09999993876
2.73 0.909951109296
2.75 1.07539676553
2.77 0.999303709198
2.79 1.08541838413
2.81 1.04401508056
2.83 0.919597234129
2.85 1.09577270425
2.87 1.10462357658
2.89 1.08060630004
2.91 0.878055915774
2.93 1.01740608671
2.95 0.922289429422
2.97 0.995737745862
2.99 0.933688964321
3.0100000000000002 1.2104465919
3.0300000000000002 1.09314258674
3.0500000000000003 0.954106113943
3.0700000000000003 0.986422570598
3.09 1.20207780846
3.11 1.04220123836
3.13 1.00530700829
3.15 1.16415967316
3.17 1.14188817438
3.19 1.00864800077
3.21 1.09080743569
3.23 0.893611429934
3.25 0.931789935919
3.27 1.02014702345
3.29 1.09304765469
3.31 1.05070487605
3.33 0.923614038865
3.35 0.981660689252
3.37 1.08816111883
3.39 1.01195152863
3.41 1.09621089648
3.43 1.06912623046
3.45 0.898345935728
3.47 1.15907317092
3.49 0.969397772023
3.5100000000000002 0.984095273757
3.5300000000000002 1.05224374735
3.5500000000000003 1.0729733362
3.5700000000000003 0.987437142132
3.59 0.968755749228
3.61 0.93062035887
3.63 0.951563198591
3.65 0.939867310149
3.67 1.05722929974
3.69 1.05149905963
3.71 1.01394552179
3.73 1.17342220797
3.75 0.88325921009
3.77 1.02918608224
3.79 0.942603708468
3.81 0.981123138317
3.83 1.06865798684
3.85 1.09997726303
3.87 0.898664893987
3.89 1.17381353893
3.91 1.06494533917
3.93 1.01738554052
3.95 1.0900983922
3.97 1.03097231476
3.99 1.00208650984
4.01 0.991188639751
4.03 1.06258806956
4.05 1.09239068973
4.07 1.03470607711
4.09 0.983370147454
4.11 0.984341272975
4.13 0.859275865921
4.15 1.03756352992
4.17 1.04393431819
4.19 0.976840116852
4.21 0.972199546226
4.23 0.922858217229
4.25 1.03541730931
4.2700000000000005 1.0693523809
4.29 1.08642647595
4.3100000000000005 0.966110504904
4.33 0.912472913756
4.3500000000000005 1.0061758243
4.37 1.08819324878
4.39 0.867666365265
4.41 1.05149905963
4.43 0.918578185275
4.45 1.16964502139
4.47 0.995042734281
4.49 1.07491774693
4.51 1.05965925189
4.53 1.02364477991
4.55 1.01914524241
4.57 1.02503901765
4.59 1.00510939524
4.61 0.964824516754
4.63 1.02708520457
4.65 0.915821761614
4.67 0.967626811298
4.69 1.02403453195
4.71 0.939316835116
4.73 1.04038384758
4.75 0.946349153667
4.7700000000000005 1.0663787633
4.79 1.07180462602
4.8100000000000005 0.91486976394
4.83 0.989454084062
4.8500000000000005 1.00976430314
4.87 0.957036875115
4.89 0.972475357296
4.91 1.07933915693
4.93 1.09415622229
4.95 0.960687777208
4.97 1.18531659589
4.99 1.04307020945
5.01 0.982238642529
5.03 0.964222547226
5.05 0.965088740869
5.07 0.979947348472
5.09 1.02722575128
5.11 1.0000558571
5.13 0.973097813956
5.15 1.01985200055
5.17 0.970145167203
5.19 0.970965172115
5.21 0.876417402389
5.23 1.09924877792
5.25 1.07252904082
5.2700000000000005 0.942757695779
5.29 1.00180628744
5.3100000000000005 1.03367704167
5.33 1.00316561317
5.3500000000000005 1.08343711518
5.37 0.969258909715
5.39 1.00077739813
5.41 1.02768970015
5.43 1.06747487407
5.45 0.950690204831
5.47 1.05101848419
5.49 0.904978698862
5.51 1.11208906896
5.53 1.07384103784
5.55 1.03160583418
5.57 1.04064426682
5.59 1.05385035449
5.61 0.961531225651
5.63 0.983329049548
5.65 0.958911310575
5.67 0.959701522679
5.69 1.04364515629
5.71 1.01927273118
5.73 1.02397290624
5.75 1.07390056134
5.7700000000000005 1.01687430723
5.79 0.84174406587
5.8100000000000005 1.00987345142
5.83 1.02264145251
5.8500000000000005 0.978702970887
5.87 0.975368378141
5.89 0.907788237389
5.91 0.980776407143
5.93 1.02534457206
5.95 1.02189803568
5.97 1.00658578321
5.99 1.00322489579
6.01 0.972330453227
6.03 0.941640948923
6.05 1.0362914286
6.07 0.958821630157
6.09 1.03725461424
6.11 1.14227905209
6.13 1.03048623177
6.15 0.996359474796
6.17 1.00846769617
6.19 1.00520931912
6.21 0.979113254801
6.23 1.02913571687
6.25 1.01827168935
6.2700000000000005 0.871637378378
6.29 1.01179619371
6.3100000000000005 0.967345806839
6.33 1.01287764867
6.3500000000000005 1.05067110762
6.37 1.07337090035
6.390000000000001 1.02187936781
6.41 1.08512734469
6.43 1.07071385582
6.45 1.00503747327
6.47 0.910513675669
6.49 0.955098144302
6.51 0.97033496171
6.53 1.07243242529
6.55 0.989693389713
6.57 1.11271647064
6.59 1.07702862709
6.61 0.937758994935
6.63 1.05625697393
6.65 1.04596485405
6.67 1.08184592155
6.69 0.976055180913
6.71 1.07892265657
6.73 1.01243891626
6.75 0.92882416934
6.7700000000000005 0.943553439772
6.79 0.958195939833
6.8100000000000005 0.924114812318
6.83 1.00800733425
6.8500000000000005 1.00506424714
6.87 1.01935716698
6.890000000000001 1.01639822019
6.91 1.01003256271
6.93 0.990047815886
6.95 0.92592435179
6.97 0.977577317992
6.99 0.991703512248
7.01 1.00574910055
7.03 1.06346490953
7.05 1.0336012033
7.07 0.963750198926
7.09 1.01108530875
7.11 0.998258600915
7.13 1.04854955315
7.15 0.959584806166
7.17 0.953608456799
7.19 0.950955860257
7.21 0.961443488296
7.23 0.932605493759
7.25 1.05730043375
7.2700000000000005 0.953508603936
7.29 1.06123516203
7.3100000000000005 1.07775057514
7.33 1.00380145563
7.3500000000000005 0.952786903012
7.37 1.09465760312
7.390000000000001 0.970039897027
7.41 1.03766354569
7.43 0.968001826093
7.45 1.01621385629
7.47 1.003991572
7.49 0.97919972509
7.51 1.06165001593
7.53 1.04312058107
7.55 0.921280301915
7.57 1.05636068012
7.59 0.944478898423
7.61 0.923343293821
7.63 0.9953410168
7.65 0.95871973084
7.67 0.990150190115
7.69 1.03372339282
7.71 1.00342468628
7.73 0.909009374642
7.75 1.01656215539
7.7700000000000005 0.928688841276
7.79 1.00830526001
7.8100000000000005 1.01784031893
7.83 1.0061758243
7.8500000000000005 1.01868157306
7.87 0.995049459542
7.890000000000001 0.875582867145
7.91 1.04086442944
7.930000000000001 0.966636588235
7.95 0.961228857341
7.97 0.920226592337
7.99 1.01859858843
8.01 1.05445270867
8.03 0.972276527741
8.05 1.05803010969
8.07 0.999705890336
8.09 1.07911878153
8.11 1.0326991381
8.13 0.998148092583
8.15 1.01601903001
8.17 1.08303116117
8.19 1.07460892907
8.21 0.925024599048
8.23 0.957272989585
8.25 1.06966131612
8.27 1.04418815323
8.290000000000001 1.06450010349
8.31 1.02492688123
8.33 1.01394552179
8.35 1.00018338696
8.370000000000001 1.01192651438
8.39 0.950296974928
8.41 0.990234548427
8.43 0.959820315997
8.45 0.985547047606
8.47 0.885456557593
8.49 1.02549024897
8.51 1.08146245822
8.53 1.04009652
8.55 1.02106092896
8.57 1.02972063687
8.59 0.936433970451
8.61 0.997458602733
8.63 1.03078586842
8.65 0.973700285276
8.67 0.908691661393
8.69 0.974663397621
8.71 1.04848097967
8.73 0.899736308756
8.75 1.07072647101
8.77 1.00623784013
8.790000000000001 1.03624694016
8.81 1.04195082753
8.83 0.953851355339
8.85 1.04526135334
8.870000000000001 0.946882608658
8.89 1.01128424745
8.91 0.92404462816
8.93 0.993507650127
8.950000000000001 1.0177218552
8.97 0.928413885426
8.99 0.976350211375
9.01 0.992563762726
9.03 1.01394552179
9.05 0.928049584398
9.07 0.941653926334
9.09 0.981225607625
9.11 1.00504149964
9.13 0.883639269991
9.15 0.96703438107
9.17 1.07586585899
9.19 0.998866897777
9.21 0.922202351158
9.23 1.06630890554
9.25 1.02052246571
9.27 1.04894687745
9.290000000000001 0.957554579599
9.31 0.935167799542
9.33 1.05741585498
9.35 0.961531225651
9.370000000000001 0.977153475105
9.39 1.03806137197
9.41 1.10625299579
9.43 1.0135871105
9.450000000000001 0.953859861236
9.47 1.03678695558
9.49 0.899979042344
9.51 1.09710824597
9.53 0.95578285457
9.55 0.99341887597
9.57 1.02595323608
9.59 1.01887956326
9.61 1.01922099276
9.63 1.01219068357
9.65 1.01254456079
9.67 0.954178309024
9.69 0.974182952305
9.71 1.03065317199
9.73 1.04798685825
9.75 1.03127792387
9.77 0.968627588196
9.790000000000001 1.00048148524
9.81 0.882680403268
9.83 0.986783196856
9.85 1.03041570285
9.870000000000001 0.973195938169
9.89 1.04777787995
9.91 0.962105723834
9.93 1.00305386126
9.950000000000001 0.951104677053
9.97 1.02987846713
9.99 0.961505896869
10.01 0.999764465538
10.03 1.02843527168
10.05 1.08288709126
10.07 0.958566173526
10.09 1.01294062038
10.11 0.975834809791
10.13 0.927197961515
10.15 1.02560006801
10.17 0.944488093385
10.19 0.984426008722
10.21 1.04274514973
10.23 1.00370364783
10.25 1.05714124971
10.27 0.976757646434
10.290000000000001 1.03003989515
10.31 0.975262828101
10.33 1.03521253015
10.35 1.0263545169
10.370000000000001 0.839576876928
10.39 1.02923440197
10.41 0.895440841847
10.43 1.0615805463
10.450000000000001 1.04822884724
10.47 1.08690053227
10.49 0.965294179623
10.51 0.997223299416
10.53 0.930172245058
10.55 1.05174823002
10.57 0.95798826341
10.59 0.991924042088
10.61 0.954376620569
10.63 1.00154543544
10.65 0.990778691398
10.67 0.968965745437
10.69 0.922889609634
10.71 0.991855205408
10.73 0.939293428384
10.75 0.959554025579
10.77 1.04783785121
10.790000000000001 0.966960094456
10.81 1.00456582223
10.83 1.00489522319
10.85 0.99868182576
10.870000000000001 0.935901876902
10.89 1.02977387245
10.91 0.988852461211
10.93 1.01301784976
10.950000000000001 0.965794684222
10.97 0.89502027979
10.99 0.957974006783
11.01 0.936894257491
11.03 0.9780943202
11.05 1.02985054958
11.07 1.07928257137
11.09 1.08800285927
11.11 0.951885849886
11.13 1.00756850593
11.15 1.0545639672
11.17 1.03573128054
11.19 1.01485163932
11.21 1.02148302938
11.23 0.994382904121
11.25 1.00102710477
11.27 1.00974698961
11.290000000000001 1.04777364224
11.31 0.974798199843
11.33 0.979341908804
11.35 0.994291952201
11.370000000000001 1.04456305
11.39 1.03857457602
11.41 1.03882762048
11.43 0.968703858085
11.450000000000001 1.00627082497
11.47 0.996265564999
11.49 1.00688584888
11.51 0.978414850447
11.53 1.01570431714
11.55 0.92176865617
11.57 0.948802954412
11.59 1.02065266789
11.61 1.06372579288
11.63 1.01103940106
11.65 0.997118958049
11.67 1.02581977668
11.69 1.02001705186
11.71 0.975846800216
11.73 1.05284368758
11.75 1.02487599833
11.77 0.936700734089
11.790000000000001 1.01537886293
11.81 0.943544562611
11.83 1.01994519943
11.85 0.884457120411
11.870000000000001 0.930802558472
11.89 0.988930885981
11.91 1.04090461067
11.93 0.993547623611
11.950000000000001 1.02356174152
11.97 0.936861944107
11.99 0.931352795102
12.01 1.03814738548
12.030000000000001 1.00888843689
12.05 1.05433505294
12.07 1.0133854856
12.09 1.0430192285
12.11 1.02371378308
12.13 1.0083728616
12.15 0.981399122322
12.17 0.966178162228
12.19 1.02281789168
12.21 0.99207773685
12.23 0.926617425607
12.25 1.00622022257
12.27 1.02193368265
12.290000000000001 0.977919792643
12.31 1.009003464
12.33 1.08411855601
12.35 0.944433467122
12.370000000000001 0.962032385398
12.39 0.954750962134
12.41 0.920803064507
12.43 1.02590948075
12.450000000000001 0.993856641301
12.47 1.03969393787
12.49 1.01719274524
12.51 0.962613347755
12.530000000000001 1.01394552179
12.55 1.00478904164
12.57 1.04459781282
12.59 0.969650840533
