0.01 0.0
0.03 0.787367294505
0.05 0.472420376703
0.07 0.0
0.09 0.262455764835
0.11 0.0
0.13 0.363400289771
0.15 0.0
0.17 0.277894339237
0.19 0.248642303528
0.21 0.449924168288
0.23 0.205400163784
0.25 0.283452226022
0.27 0.52491152967
0.29 0.24435536726
0.31 0.228590504856
0.33 0.28631537982
0.35000000000000003 0.742374877676
0.37 0.446884140124
0.39 0.726800579543
0.41000000000000003 0.806571374859
0.43 0.659191223306
0.45 0.787367294505
0.47000000000000003 1.25643717208
0.49 1.30156634398
0.51 1.57473458901
0.53 1.33703880199
0.55 1.24547190222
0.5700000000000001 1.40897305332
0.59 0.960855003463
0.61 1.08424348751
0.63 1.08731674003
0.65 0.981180782383
0.67 0.916636551812
0.6900000000000001 0.890067376397
0.71 0.964802177773
0.73 1.52080532226
0.75 1.82669212325
0.77 1.19638926568
0.79 1.64450131131
0.81 1.02066130769
0.8300000000000001 1.25219858885
0.85 1.33389282834
0.87 0.868819083591
0.89 1.00853788285
0.91 1.14211519642
0.93 0.965159909393
0.9500000000000001 0.870248062347
0.97 0.633140711045
0.99 1.09754228931
1.01 0.888711599738
1.03 0.82558900783
1.05 1.03482558706
1.07 0.860953022963
1.09 0.931838357717
1.11 0.8724880831
1.1300000000000001 1.02427426807
1.1500000000000001 0.944840753406
1.17 0.868122914454
1.19 1.09172776129
1.21 1.03463966799
1.23 0.883387696274
1.25 0.925943938338
1.27 0.929961371462
1.29 1.15358464079
1.31 1.02778478901
1.33 1.18993102403
1.35 0.857355498461
1.37 0.931047457736
1.3900000000000001 0.747715704134
1.41 0.770614798877
1.43 1.00760989437
1.45 0.863388964319
1.47 0.883779616281
1.49 1.03044713039
1.51 0.954226588704
1.53 1.11157735695
1.55 0.975319487387
1.57 1.08325691473
1.59 1.09934301497
1.61 1.10035802027
1.6300000000000001 1.18829665306
1.6500000000000001 1.01641959836
1.67 0.990102585904
1.69 0.922477658651
1.71 1.06363652065
1.73 1.10595521714
1.75 1.09331572894
1.77 0.947509795082
1.79 0.884138693829
1.81 0.965721212045
1.83 0.89062857903
1.85 1.00868134485
1.87 0.922103943832
1.8900000000000001 0.799865188068
1.9100000000000001 1.13776635227
1.93 0.93015410957
1.95 0.872160695451
1.97 1.17505575931
1.99 1.13950643627
2.0100000000000002 0.904884801147
2.0300000000000002 0.872697740215
2.05 1.11767747659
2.07 1.20957874228
2.09 0.960663445448
2.11 0.91797324383
2.13 1.23095450268
2.15 1.12062507962
2.17 1.04498516506
2.19 0.852082414601
2.21 0.961941943513
2.23 0.910945120997
2.25 0.976335445186
2.27 1.05097925214
2.29 0.907707274014
2.31 1.03278047721
2.33 1.04419096138
2.35 1.00514973767
2.37 0.936867413715
2.39 1.03774350531
2.41 1.10754154704
2.43 1.09842597875
2.45 0.829145967274
2.47 0.937190220989
2.49 0.834799059234
2.5100000000000002 0.959897976568
2.5300000000000002 1.24173735378
2.5500000000000003 1.10231421231
2.57 0.992634254551
2.59 0.957608871695
2.61 1.20367643873
2.63 0.817305214448
2.65 1.01614948951
2.67 0.884682353376
2.69 1.09763098676
2.71 0.976219228611
2.73 0.951762663687
2.75 1.05650375154
2.77 0.980656016621
2.79 1.03289042935
2.81 0.882635935121
2.83 1.03498457087
2.85 1.02772152125
2.87 0.979408098043
2.89 0.923590009817
2.91 0.933476689361
2.93 0.927104834826
2.95 1.00889775364
2.97 1.12140190429
2.99 0.971700774824
3.0100000000000002 0.973091805833
3.0300000000000002 1.06021734706
3.0500000000000003 1.11522187287
3.0700000000000003 0.977156153767
3.09 0.993764546462
3.11 0.919017131528
3.13 0.928238120359
3.15 1.09481547617
3.17 0.916525336506
3.19 1.11811092292
3.21 1.13322021826
3.23 0.840996026638
3.25 1.01752081136
3.27 0.982403229841
3.29 0.976431173732
3.31 1.13466525522
3.33 0.936328674546
3.35 0.909585501413
3.37 1.07941747793
3.39 0.884917224797
3.41 1.03904774935
3.43 1.14317467249
3.45 0.965380769784
3.47 1.02108150584
3.49 0.967852634219
3.5100000000000002 1.04309342434
3.5300000000000002 1.05056656009
3.5500000000000003 0.938186945283
3.5700000000000003 0.959397123556
3.59 0.927733608845
3.61 0.968396340056
3.63 0.976075158477
3.65 0.957783777425
3.67 0.959000492217
3.69 1.06902713969
3.71 1.14603325885
3.73 0.924576072368
3.75 0.93854181505
3.77 0.983686991278
3.79 0.941101278128
3.81 0.936161113939
3.83 1.02995042963
3.85 0.852810809892
3.87 1.05592668178
3.89 1.11729240763
3.91 0.972630187329
3.93 0.985711727472
3.95 1.03454082493
3.97 1.05907842636
3.99 0.947208775344
4.01 1.03673299626
4.03 1.04331050934
4.05 0.985667205713
4.07 1.02725315327
4.09 1.05110646161
4.11 0.954036283853
4.13 0.903661253257
4.15 1.03590974169
4.17 1.01394781091
4.19 1.02602038854
4.21 0.970649942632
4.23 0.809703955342
4.25 1.06711426267
4.2700000000000005 1.03998865129
4.29 0.991091699377
4.3100000000000005 1.04129781408
4.33 0.960115315239
4.3500000000000005 1.04801301958
4.37 0.908084934623
4.39 1.01156071549
4.41 0.915917056873
4.43 0.949106400148
4.45 1.00853788285
4.47 1.02516278613
4.49 0.97324910568
4.51 1.14176986831
4.53 0.990727059311
4.55 0.96560648425
4.57 0.987224200769
4.59 0.849121592113
4.61 0.942791207303
4.63 0.851989232283
4.65 0.904202441431
4.67 0.986316632303
4.69 1.1231315992
4.71 1.02307597503
4.73 1.038725564
4.75 0.915003676982
4.7700000000000005 0.970591130333
4.79 0.991195153625
4.8100000000000005 0.913411539155
4.83 0.968315057838
4.8500000000000005 0.920489187596
4.87 1.05251767705
4.89 0.951603417285
4.91 0.923673241619
4.93 1.09720351181
4.95 1.08799844332
4.97 0.993318498299
4.99 0.965668906286
5.01 1.08439807028
5.03 0.972077713494
5.05 0.968227900767
5.07 0.973726417464
5.09 1.0023850822
5.11 1.08166700732
5.13 1.06824100775
5.15 0.908147908613
5.17 0.996012012778
5.19 0.955763767896
5.21 0.956628593899
5.23 1.05684864387
5.25 1.01682862033
5.2700000000000005 0.927808519711
5.29 0.995744272257
5.3100000000000005 1.03647785096
5.33 0.921795856981
5.3500000000000005 1.04197391497
5.37 1.02049839288
5.39 0.994799865599
5.41 0.964925168681
5.43 1.04837302749
5.45 0.953509017198
5.47 1.20048322416
5.49 0.912141346639
5.51 1.06744713066
5.53 0.935443603055
5.55 0.927816595687
5.57 0.971133449416
5.59 1.08597528455
5.61 1.08210371491
5.63 1.05308627489
5.65 1.02845497937
5.67 1.01232937865
5.69 0.896685425025
5.71 0.972143507226
5.73 1.02646312216
5.75 1.05164883857
5.7700000000000005 1.10122254188
5.79 0.909755993132
5.8100000000000005 0.959476840808
5.83 1.02911471426
5.8500000000000005 0.932727410413
5.87 0.985885794652
5.89 1.03467281145
5.91 0.999197074245
5.93 1.03566018501
5.95 1.07187816563
5.97 1.01289461002
5.99 0.977965387498
6.01 1.01794407293
6.03 0.920553802033
6.05 1.06587407306
6.07 0.898921804105
6.09 0.923120276316
6.11 0.997417816607
6.13 1.03269707142
6.15 1.12151829266
6.17 0.960919891024
6.19 0.946367152038
6.21 1.11068236713
6.23 0.997163395448
6.25 0.978855020528
6.2700000000000005 0.987034598853
6.29 1.01018347642
6.3100000000000005 0.962060513571
6.33 1.0373843975
6.3500000000000005 1.0787551909
6.37 1.04941104087
6.390000000000001 0.924140017024
6.41 0.961791874567
6.43 1.00288307029
6.45 0.889908151464
6.47 0.850648746304
6.49 1.00816983318
6.51 0.961531488681
6.53 0.96582113767
6.55 0.988115902417
6.57 0.86286826795
6.59 1.02154633809
6.61 0.957705453528
6.63 0.994006674963
6.65 1.05850580645
6.67 1.01991805465
6.69 0.925068301167
6.71 1.03143942156
6.73 1.09506060573
6.75 1.00433072677
6.7700000000000005 0.921115062404
6.79 1.00537178842
6.8100000000000005 0.974670527559
6.83 1.00985907758
6.8500000000000005 1.11725694928
6.87 1.03148553865
6.890000000000001 1.00792155842
6.91 0.967402073856
6.93 0.94415905012
6.95 1.0332071548
6.97 1.02346451768
6.99 1.04081170261
7.01 1.02773334447
7.03 1.01472940088
7.05 0.901284264774
7.07 1.02569346286
7.09 0.959499777789
7.11 1.02656748524
7.13 1.05350406586
7.15 0.997698977372
7.17 0.952088485824
7.19 0.93629907761
7.21 1.07130002207
7.23 1.0258644418
7.25 0.95787303966
7.2700000000000005 1.02346917924
7.29 1.10166617338
7.3100000000000005 1.11157735695
7.33 0.908748610029
7.3500000000000005 1.0476805633
7.37 0.971121941255
7.390000000000001 0.93333389714
7.41 1.09976403483
7.43 0.921950937038
7.45 0.989229245176
7.47 0.999229176962
7.49 1.1006322528
7.51 0.953018469647
7.53 1.05086869984
7.55 0.951097976938
7.57 1.03907520107
7.59 0.958534097658
7.61 0.940495230887
7.63 0.876113804764
7.65 1.01894591054
7.67 1.00704995555
7.69 0.939926107094
7.71 0.909914733338
7.73 0.9808987123
7.75 1.00579822137
7.7700000000000005 1.03664960396
7.79 1.07037479446
7.8100000000000005 0.898264096548
7.83 1.07395692277
7.8500000000000005 1.10732929062
7.87 0.972453634382
7.890000000000001 0.943044478209
7.91 1.07504004812
7.930000000000001 0.89658596083
7.95 1.01317829217
7.97 1.10547553645
7.99 1.06427619282
8.01 0.973150588714
8.03 0.979551590548
8.05 0.94777504146
8.07 1.03030961958
8.09 1.0540405191
8.11 1.08639211165
8.13 1.01108420106
8.15 1.05787384967
8.17 0.942527801745
8.19 1.03540241292
8.21 0.966706739173
8.23 0.872513939962
8.25 1.09372475091
8.27 1.07108610196
8.290000000000001 0.971624538333
8.31 1.00339586628
8.33 0.964123217761
8.35 1.02122009575
8.370000000000001 1.02160200936
8.39 0.97130530371
8.41 1.04202116383
8.43 1.00032072647
8.45 0.944840753406
8.47 0.956553655307
8.49 1.01550905475
8.51 0.960384549584
8.53 0.971978617953
8.55 1.02219613673
8.57 0.964685716721
8.59 0.987188098
8.61 0.935513057234
8.63 0.960715829796
8.65 0.999455825857
8.67 0.912692192592
8.69 0.921464371129
8.71 0.94104403396
8.73 0.911830853086
8.75 1.06632027884
8.77 1.01810092585
8.790000000000001 0.94054113678
8.81 1.10195672432
8.83 1.02990852226
8.85 1.00355967028
8.870000000000001 1.10515477075
8.89 0.99373015122
8.91 1.02861451269
8.93 0.965472774337
8.950000000000001 1.002903593
8.97 0.987500787422
8.99 0.953774175435
9.01 0.977873476749
9.03 0.991402673147
9.05 0.976161441364
9.07 0.919318594135
9.09 0.961471613752
9.11 0.985289479402
9.13 1.00382862081
9.15 0.926770028614
9.17 1.14627626844
9.19 1.04354011394
9.21 0.918167724537
9.23 1.05437267173
9.25 1.11593353848
9.27 1.06256363045
9.290000000000001 1.03993505959
9.31 0.984420548661
9.33 1.11649188706
9.35 0.990314372554
9.370000000000001 1.01845161253
9.39 1.00873573513
9.41 1.14214278108
9.43 0.904261696658
9.450000000000001 0.987333591522
9.47 0.947833913131
9.49 0.91596785367
9.51 0.991039591506
9.53 1.06083904107
9.55 1.08829825
9.57 0.97742146904
9.59 1.0024770246
9.61 1.05692383966
9.63 0.941897324267
9.65 0.942392979433
9.67 1.01372521371
9.69 1.0457602766
9.71 1.04360629045
9.73 1.03175056577
9.75 0.973912776587
9.77 1.02027328029
9.790000000000001 0.955456941646
9.81 0.970363974573
9.83 1.04528414988
9.85 1.0551521104
9.870000000000001 1.01472259231
9.89 1.02700081892
9.91 0.89859980836
9.93 0.989561312731
9.950000000000001 0.985198273024
9.97 0.961899061893
9.99 1.00016926599
10.01 1.03120731578
10.03 1.01737588602
10.05 1.04590580912
10.07 1.00864330676
10.09 1.13071874107
10.11 0.96960660896
10.13 0.946706184311
10.15 0.991384632884
10.17 0.991757624642
10.19 0.994447211018
10.21 0.983245152295
10.23 1.02519377936
10.25 1.08771911124
10.27 1.09710087482
10.290000000000001 0.941167903052
10.31 1.04931393079
10.33 1.04270905991
10.35 1.05438750742
10.370000000000001 0.974908009782
10.39 0.973031382237
10.41 1.00973615578
10.43 1.02138825452
10.450000000000001 0.987788060379
10.47 1.02876643637
10.49 1.04932266703
10.51 0.966416565092
10.53 0.987013132713
10.55 0.944840753406
10.57 0.911766857591
10.59 1.01933952858
10.61 1.07307550222
10.63 0.986616402898
10.65 0.989199474223
10.67 1.01612442787
10.69 0.956772792855
10.71 1.02776795305
10.73 1.00824106491
10.75 0.99757605127
10.77 0.982564200385
10.790000000000001 0.961040525359
10.81 1.06633276518
10.83 0.935680247486
10.85 1.03627695535
10.870000000000001 0.964832784067
10.89 1.02162533254
10.91 0.948304880824
10.93 0.981147534415
10.950000000000001 1.04622777489
10.97 1.00125558417
10.99 1.05746508343
11.01 0.961145907188
11.03 1.07718698768
11.05 0.9918690262
11.07 0.970872951219
11.09 1.04579984202
11.11 0.995016815018
11.13 0.969883702395
11.15 0.96178856961
11.17 0.890281909543
11.19 0.954128732215
11.21 1.00299776677
11.23 1.05379612078
11.25 0.974235799067
11.27 1.06053553954
11.290000000000001 1.03145812983
11.31 1.04216519883
11.33 0.988205024524
11.35 0.967733370779
11.370000000000001 0.997193407288
11.39 1.05350988308
11.41 0.983346533453
11.43 0.956826922193
11.450000000000001 1.01704474111
11.47 0.963786993448
11.49 1.07106621524
11.51 0.993273076995
11.53 1.03047462915
11.55 0.973472291388
11.57 0.92279174706
11.59 1.04552050582
11.61 1.02947765121
11.63 0.976931217515
11.65 1.00769496662
11.67 0.991799419813
11.69 0.979999498293
11.71 1.00253171316
11.73 1.04311063569
11.75 1.0513866256
11.77 1.01347616922
11.790000000000001 0.907576041757
11.81 0.962041495318
11.83 1.01432608354
11.85 0.910954059718
11.870000000000001 0.951208677607
11.89 1.05490000012
11.91 1.02932903236
11.93 1.04740309839
11.950000000000001 1.01600030806
11.97 0.972862346343
11.99 0.945628777387
12.01 0.967655392747
12.030000000000001 1.00335333539
12.05 0.97032401024
12.07 0.972630187329
12.09 1.00423520937
12.11 0.893346542237
12.13 1.04571204571
12.15 0.995387789596
12.17 1.00345659308
12.19 0.999872495401
12.21 1.0756172377
12.23 1.01398486414
12.25 0.940984260535
12.27 1.12041018436
12.290000000000001 0.978283042074
12.31 0.9479109102
12.33 0.927215986716
12.35 0.927627055469
12.370000000000001 1.05215694245
12.39 0.998984170268
12.41 1.03163514977
12.43 0.995769418312
12.450000000000001 1.04729336522
12.47 0.924383094751
12.49 0.981529925976
12.51 0.972408049568
12.530000000000001 1.03495126421
12.55 1.0257733279
12.57 0.962129009037
12.59 0.923077145901
