0.01 0.0
0.03 0.0
0.05 0.0
0.07 0.0
0.09 0.0
0.11 0.0
0.13 0.0
0.15 0.0
0.17 0.0
0.19 0.0
0.21 0.0
0.23 0.0
0.25 0.0
0.27 0.0
0.29 0.0
0.31 0.0
0.33 0.0
0.35000000000000003 0.0
0.37 0.0
0.39 0.151271202814
0.41000000000000003 0.287784239499
0.43 0.137199463017
0.45 0.26220341821
0.47000000000000003 0.502091651892
0.49 1.08359575893
0.51 0.578389893111
0.53 1.11312771882
0.55 1.17991538195
0.5700000000000001 1.34551754082
0.59 0.69994980285
0.61 1.64414438468
0.63 0.749152623458
0.65 1.72449171208
0.67 1.84912112096
0.6900000000000001 2.05202675121
0.71 2.24350107835
0.73 1.29305795282
0.75 1.4945594838
0.77 1.53235763889
0.79 1.86695471827
0.81 2.18502848509
0.8300000000000001 2.20345643616
0.85 1.11050859477
0.87 1.89871440773
0.89 2.32005833529
0.91 1.94491546475
0.93 2.09339825829
0.9500000000000001 1.61462104898
0.97 1.52050951282
0.99 1.13224203318
1.01 1.28505635658
1.03 1.03099402306
1.05 1.34847472222
1.07 1.48867828563
1.09 1.19074029371
1.11 1.38188287976
1.1300000000000001 1.14859019482
1.1500000000000001 1.28251671951
1.17 1.96652563658
1.19 1.33855946691
1.21 1.26767768308
1.23 1.39095715758
1.25 0.849539075001
1.27 1.34714748332
1.29 1.41772778451
1.31 1.48615296199
1.33 0.975869864768
1.35 1.22361595165
1.37 1.37800336578
1.3900000000000001 1.65527697467
1.41 1.21338815874
1.43 1.44395239049
1.45 1.38334906849
1.47 1.24412846396
1.49 1.18783427713
1.51 1.40652164735
1.53 1.00254248139
1.55 1.332162528
1.57 0.78911538283
1.59 1.33575326258
1.61 1.06265671045
1.6300000000000001 1.33916776479
1.6500000000000001 1.32293542824
1.67 1.27176508234
1.69 1.46616704266
1.71 1.24201619152
1.73 1.0912512203
1.75 1.11249164584
1.77 1.16658300475
1.79 1.25242414843
1.81 1.27117955514
1.83 1.41847750835
1.85 1.30747380162
1.87 1.1672959661
1.8900000000000001 0.998870164611
1.9100000000000001 1.42084051229
1.93 1.3755490204
1.95 1.36144082532
1.97 1.58719581835
1.99 1.2154907201
2.0100000000000002 1.35015192959
2.0300000000000002 1.13341625359
2.05 0.805795870597
2.07 1.45351894877
2.09 1.18556091009
2.11 0.950642724791
2.13 0.997111590377
2.15 1.07015581153
2.17 0.788422720655
2.19 1.23918053812
2.21 1.6550849249
2.23 1.26986408819
2.25 1.28479674923
2.27 1.2214983029
2.29 1.31387957378
2.31 1.09818964121
2.33 0.96216275781
2.35 0.903764973406
2.37 1.294421938
2.39 1.20953668861
2.41 1.39533561765
2.43 1.21390471394
2.45 1.01135604167
2.47 1.33755589856
2.49 0.924030118392
2.5100000000000002 1.31624026671
2.5300000000000002 1.28251671951
2.5500000000000003 1.17991538195
2.57 1.12482205672
2.59 0.979466436751
2.61 1.2432058622
2.63 1.05429701429
2.65 0.91276472943
2.67 0.994310715123
2.69 1.09657563378
2.71 0.870786259739
2.73 0.972457732373
2.75 1.20136838889
2.77 1.10750180255
2.79 1.26872621715
2.81 1.36467081542
2.83 1.18825400655
2.85 1.22131592166
2.87 1.04835687246
2.89 1.06151556853
2.91 0.851485327178
2.93 1.06715896319
2.95 1.11991968456
2.97 1.31101709105
2.99 1.10493748142
3.0100000000000002 1.33279478359
3.0300000000000002 0.895645339431
3.0500000000000003 0.967143755694
3.0700000000000003 1.17222863679
3.09 1.27919628787
3.11 1.32787904721
3.13 1.33824268559
3.15 1.08627130401
3.17 0.949143288316
3.19 1.12813226174
3.21 1.13948214456
3.23 1.16895641555
3.25 1.30698319231
3.27 1.1366157349
3.29 1.0400469932
3.31 1.08723320693
3.33 0.921255253171
3.35 1.42646486474
3.37 1.15540675383
3.39 1.18339595829
3.41 1.15915440748
3.43 1.0147960282
3.45 1.14571493609
3.47 1.19011637948
3.49 1.20020046015
3.5100000000000002 1.00847468542
3.5300000000000002 1.23673850232
3.5500000000000003 1.09682274941
3.5700000000000003 1.07415265863
3.59 1.16676869245
3.61 1.04590837181
3.63 1.1051549032
3.65 0.840487669332
3.67 0.980583628048
3.69 0.95928079833
3.71 1.24034231525
3.73 1.04389296526
3.75 1.13271876667
3.77 0.954573452238
3.79 1.05849928723
3.81 0.991005045204
3.83 1.07825165452
3.85 1.02667961806
3.87 0.91466308678
3.89 1.2891106358
3.91 1.16180926355
3.93 1.18592004038
3.95 1.20978665744
3.97 1.29285438576
3.99 1.16808665631
4.01 0.720895931613
4.03 1.11257529811
4.05 1.12164795568
4.07 1.33356529655
4.09 1.02413193299
4.11 1.23446134851
4.13 0.928504840515
4.15 1.05197275017
4.17 1.00448431796
4.19 0.87296842101
4.21 0.980927277153
4.23 0.976289323123
4.25 1.22155945425
4.2700000000000005 1.03622545253
4.29 1.07265034722
4.3100000000000005 0.985544170535
4.33 1.11724089284
4.3500000000000005 1.26128885656
4.37 1.14751495956
4.39 1.03477772676
4.41 1.11035120977
4.43 1.31841560737
4.45 1.07385557233
4.47 1.18783427713
4.49 0.788362170565
4.51 1.00724483825
4.53 1.21117141855
4.55 1.24474589744
4.57 1.09729548649
4.59 1.20819222117
4.61 1.2669373407
4.63 0.968397073736
4.65 1.11647907109
4.67 1.03590001413
4.69 0.943429143347
4.71 1.02710256178
4.73 1.0227596334
4.75 1.05571376279
4.7700000000000005 0.927606432348
4.79 1.10848000392
4.8100000000000005 1.11613617211
4.83 1.34358894425
4.8500000000000005 0.948797935998
4.87 1.1266132497
4.89 1.04961797781
4.91 0.817049347987
4.93 1.02913512016
4.95 1.00114032408
4.97 1.08020422291
4.99 0.981292351719
5.01 0.977375016981
5.03 1.02040395854
5.05 1.1448683904
5.07 1.11707965155
5.09 1.10109981616
5.11 1.07369990725
5.13 1.0695139427
5.15 0.973716577334
5.17 1.1981732602
5.19 1.2958608241
5.21 0.996473643102
5.23 1.09418539244
5.25 1.05630519908
5.2700000000000005 1.00751787832
5.29 1.02601337561
5.3100000000000005 1.02214891845
5.33 1.02938208744
5.3500000000000005 0.981424943862
5.37 1.21946561821
5.39 1.10548658234
5.41 1.05777996348
5.43 1.08647825225
5.45 1.01754170553
5.47 0.787329276801
5.49 0.999381880884
5.51 1.01716843271
5.53 0.864133326742
5.55 1.11613617211
5.57 1.12272020185
5.59 1.0448266799
5.61 1.07265034722
5.63 0.880221066461
5.65 1.0963815496
5.67 1.13413383274
5.69 0.943517572558
5.71 1.11585692864
5.73 1.01929862838
5.75 1.08757417814
5.7700000000000005 0.889537592975
5.79 0.937411184275
5.8100000000000005 0.903721764141
5.83 1.12324706172
5.8500000000000005 1.03872892599
5.87 1.10554252141
5.89 0.84136580716
5.91 1.07809527284
5.93 1.19384355678
5.95 0.912203488564
5.97 0.869619376979
5.99 1.06369667154
6.01 1.02089184461
6.03 0.949019834567
6.05 1.07265034722
6.07 1.25378158378
6.09 1.09466697997
6.11 1.1876398689
6.13 1.10677217719
6.15 0.949687990347
6.17 1.01354157606
6.19 1.04839008089
6.21 1.05451374715
6.23 1.0227195927
6.25 1.01000756695
6.2700000000000005 1.04442270651
6.29 1.31310137895
6.3100000000000005 1.02845239314
6.33 1.05316301864
6.3500000000000005 1.04055529746
6.37 1.03728824786
6.390000000000001 0.941716502023
6.41 1.08603755905
6.43 1.09183460693
6.45 0.878076563309
6.47 1.06684775647
6.49 1.01810880414
6.51 1.06029262433
6.53 1.11125261853
6.55 0.909705752493
6.57 1.07754829401
6.59 0.993707188134
6.61 0.937149130895
6.63 0.952118747121
6.65 0.958126776317
6.67 0.804889803277
6.69 1.06703857411
6.71 1.07265034722
6.73 0.990567891233
6.75 0.943932305557
6.7700000000000005 0.949858025348
6.79 1.01656921714
6.8100000000000005 0.944278829898
6.83 1.07971758963
6.8500000000000005 1.09379017159
6.87 1.00473143878
6.890000000000001 1.05319007242
6.91 0.870849268875
6.93 1.07265034722
6.95 1.06956358363
6.97 1.14267271566
6.99 0.89464256428
7.01 1.00991330837
7.03 0.923120142348
7.05 0.962342332793
7.07 0.942930962942
7.09 0.890345175376
7.11 0.937626147398
7.13 1.06738488269
7.15 0.915878373399
7.17 1.11079899974
7.19 0.902577830418
7.21 1.09645396103
7.23 1.00366246182
7.25 1.07412986494
7.2700000000000005 0.998140247451
7.29 0.995401865428
7.3100000000000005 1.01689013766
7.33 0.989969931647
7.3500000000000005 1.02740931217
7.37 1.12868432059
7.390000000000001 0.846218068243
7.41 0.939473785895
7.43 0.976645975635
7.45 0.997780792787
7.47 1.01090474491
7.49 1.14210767945
7.51 1.15477737115
7.53 0.940171619081
7.55 0.812656951804
7.57 0.950790466298
7.59 1.05710469002
7.61 1.00781208708
7.63 0.858260861049
7.65 1.0411018076
7.67 1.08453760661
7.69 1.05870170812
7.71 0.902918385666
7.73 0.816629662796
7.75 0.89825816174
7.7700000000000005 0.971873673675
7.79 1.05268445501
7.8100000000000005 0.974449963323
7.83 1.00209927075
7.8500000000000005 1.05215384377
7.87 0.899554293733
7.890000000000001 1.03186516292
7.91 1.04417290438
7.930000000000001 1.07129769861
7.95 0.85339791776
7.97 0.991898752703
7.99 0.92296259539
8.01 0.85437068855
8.03 1.0873441876
8.05 1.08464271135
8.07 0.964986557726
8.09 0.984478223503
8.11 1.08389267515
8.13 0.936095229219
8.15 1.02066299911
8.17 1.09037467977
8.19 0.871610263831
8.21 1.12817731404
8.23 1.08959379135
8.25 1.02259333102
8.27 0.934515810369
8.290000000000001 0.996309731438
8.31 0.944216280378
8.33 0.913619953608
8.35 0.975019896459
8.370000000000001 0.930399225908
8.39 1.01959314888
8.41 1.02418338742
8.43 1.02875184547
8.45 0.991408190748
8.47 1.05175456124
8.49 0.868606729937
8.51 1.0190808528
8.53 1.09968666899
8.55 0.972912683359
8.57 1.03259805888
8.59 0.961514280981
8.61 0.95928079833
8.63 1.08694406564
8.65 0.913922896999
8.67 1.06832015551
8.69 1.07265034722
8.71 0.961813916397
8.73 1.10828248934
8.75 1.05181028334
8.77 0.834147704455
8.790000000000001 0.939636822938
8.81 0.997771804257
8.83 0.99551184547
8.85 0.886603083609
8.870000000000001 0.97106902911
8.89 0.962248202375
8.91 1.00643736283
8.93 0.905086267226
8.950000000000001 0.903063728082
8.97 0.960243287426
8.99 0.81373474617
9.01 0.988719326714
9.03 0.953862933356
9.05 0.932198340433
9.07 1.02771020037
9.09 1.07737048077
9.11 0.958438400264
9.13 0.988647609188
9.15 0.902667505314
9.17 0.997202203935
9.19 0.93725596172
9.21 0.980060007806
9.23 1.02267855423
9.25 0.892908937689
9.27 1.08827146879
9.290000000000001 1.06052674265
9.31 0.96319623016
9.33 0.891575931696
9.35 1.0411018076
9.370000000000001 1.08924952549
9.39 0.917293108435
9.41 0.984307730954
9.43 1.08231898768
9.450000000000001 1.06754248843
9.47 0.965611849006
9.49 0.86411084347
9.51 1.06701075549
9.53 0.82953127587
9.55 0.926635116712
9.57 0.967851175369
9.59 1.09502053173
9.61 0.92698867156
9.63 1.18236588118
9.65 0.800875207435
9.67 0.866328770612
9.69 0.925423828978
9.71 0.972123898617
9.73 0.830670130147
9.75 0.980237394232
9.77 1.02653845922
9.790000000000001 0.849683702014
9.81 0.968228218621
9.83 0.846226189494
9.85 1.01820109102
9.870000000000001 1.01016058535
9.89 0.99022221134
9.91 1.02394271289
9.93 0.992174565886
9.950000000000001 0.84194966953
9.97 1.03553255687
9.99 1.09251424254
10.01 0.925308266561
10.03 0.946990909738
10.05 0.986197931179
10.07 0.867067907289
10.09 0.906277919731
10.11 1.01535745034
10.13 0.879403863149
10.15 1.04623038793
10.17 1.02096906206
10.19 1.12896712208
10.21 1.05741682123
10.23 0.957311600211
10.25 0.903642512027
10.27 0.919116168994
10.290000000000001 0.84279670139
10.31 0.875494924529
10.33 1.06226651037
10.35 1.11151449024
10.370000000000001 0.961454674778
10.39 0.942569554394
10.41 0.923756999314
10.43 0.84279670139
10.450000000000001 1.06700481908
10.47 1.00861916604
10.49 0.95608014743
10.51 0.982327268509
10.53 0.986064136859
10.55 0.956234740819
10.57 1.00465831954
10.59 1.05846988938
10.61 1.01755190809
10.63 0.910188723609
10.65 0.90847944901
10.67 0.851485327178
10.69 0.976824240433
10.71 0.93093230415
10.73 0.98967739399
10.75 0.823196778102
10.77 0.838101455143
10.790000000000001 1.02244752745
10.81 0.955065642186
10.83 0.953301901388
10.85 1.02223083782
10.870000000000001 1.01492261465
10.89 0.872205585369
10.91 0.843569200658
10.93 1.14968882138
10.950000000000001 0.975181206084
10.97 0.946513706575
10.99 0.982368129646
11.01 0.89484954035
11.03 0.978805597897
11.05 0.934322135025
11.07 0.943292785025
11.09 0.909673265612
11.11 0.91334584021
11.13 1.01771677149
11.15 0.952398066145
11.17 1.01935393337
11.19 1.05970952534
11.21 1.05255609451
11.23 1.15574970627
11.25 0.886247553551
11.27 0.96319623016
11.290000000000001 0.893558593059
11.31 1.07454716481
11.33 0.885196888486
11.35 0.904428530655
11.370000000000001 0.996234623279
11.39 0.921970754989
11.41 1.01859478634
11.43 0.94455168371
11.450000000000001 0.984121563108
11.47 0.869248908234
11.49 0.985830084133
11.51 0.978991476767
11.53 0.874958934574
11.55 0.990924606483
11.57 1.00960780305
11.59 0.982414446573
11.61 0.919744548373
11.63 1.10585362538
11.65 1.05837903359
11.67 0.970624478722
11.69 0.99419730643
11.71 1.06303221858
11.73 0.965659647629
11.75 0.88368130733
11.77 0.89721687922
11.790000000000001 0.975756995248
11.81 0.914159673566
11.83 0.862744552311
11.85 0.901116810685
11.870000000000001 0.944329918154
11.89 0.893123501894
11.91 1.0402276667
11.93 1.08793538989
11.950000000000001 1.01206131087
11.97 0.931512143642
11.99 0.993923716235
12.01 0.864550821076
12.030000000000001 0.907249981962
12.05 0.969391060686
12.07 0.914018957846
12.09 1.12233473055
12.11 0.998689732861
12.13 0.928952341104
12.15 1.08765862369
12.17 0.92105144852
12.19 1.00181494694
12.21 0.980846939128
12.23 0.959947510251
12.25 0.9005884752
12.27 0.812574162791
12.290000000000001 0.945660415962
12.31 0.915368959999
12.33 1.01914832261
12.35 0.907627216882
12.370000000000001 0.939544584654
12.39 0.985643599931
12.41 0.917500679757
12.43 1.02518794248
12.450000000000001 0.829257798557
12.47 0.936741161289
12.49 1.09583814496
12.51 1.00448431796
12.530000000000001 1.09233985879
12.55 1.08119736194
12.57 1.02315653645
12.59 0.955928268138
