0.01 0.0
0.03 0.786041143605
0.05 0.0
0.07 0.336874775831
0.09 0.0
0.11 0.0
0.13 0.362788220125
0.15 0.0
0.17 0.0
0.19 0.124111759517
0.21 0.224583183887
0.23 0.205054211375
0.25 0.37729974893
0.27 0.262013714535
0.29 0.0813146010626
0.31 0.304273991073
0.33 0.285833143129
0.35000000000000003 0.538999641329
0.37 0.446131459884
0.39 1.02789995702
0.41000000000000003 0.632667261926
0.43 0.658080957437
0.45 0.838443886512
0.47000000000000003 1.15397529593
0.49 1.10687426344
0.51 0.970992000924
0.53 0.8453650035
0.55 0.814624457918
0.5700000000000001 0.786041143605
0.59 0.799363874852
0.61 0.927786267862
0.63 0.823471674253
0.65 0.870691728301
0.67 1.19665965146
0.6900000000000001 0.99109535498
0.71 1.06281619417
0.73 0.872182638794
0.75 1.00613266381
0.77 1.22499918484
0.79 1.22383621093
0.81 1.01894222319
0.8300000000000001 0.994389398536
0.85 1.2761609155
0.87 1.19261414892
0.89 0.688889991025
0.91 1.01062432749
0.93 0.887465807296
0.9500000000000001 0.794315260906
0.97 0.705005974161
0.99 0.738402286417
1.01 0.700432702222
1.03 0.75551527395
1.05 0.741124506827
1.07 1.05784976336
1.09 0.843732236714
1.11 0.764796788372
1.1300000000000001 1.04341744726
1.1500000000000001 0.820216845501
1.17 0.987590154786
1.19 0.693565714945
1.21 0.896476676177
1.23 0.575152056296
1.25 1.01870932211
1.27 1.00266665562
1.29 1.00540146275
1.31 0.954049937658
1.33 0.762400808459
1.35 0.803508724574
1.37 0.757353510627
1.3900000000000001 0.967000255802
1.41 0.986732499419
1.43 0.775047561177
1.45 0.552939287226
1.47 0.850207767573
1.49 0.838795582773
1.51 0.937002687741
1.53 0.724390857832
1.55 0.867180874558
1.57 0.976293140146
1.59 0.860195968473
1.61 0.878803763037
1.6300000000000001 0.983757014082
1.6500000000000001 0.786041143605
1.67 0.8895914739
1.69 0.711623047169
1.71 0.868782316616
1.73 1.22676941487
1.75 0.956724363359
1.77 0.91926845608
1.79 0.948518921892
1.81 1.01620788731
1.83 0.786041143605
1.85 0.994235824884
1.87 0.693565714945
1.8900000000000001 0.935763266196
1.9100000000000001 0.901272306018
1.93 0.81862315992
1.95 0.761855262263
1.97 1.18504680026
1.99 0.805790921082
2.0100000000000002 0.856432887808
2.0300000000000002 0.859611496947
2.05 0.67867942643
2.07 0.911352050556
2.09 0.857499429387
2.11 0.905251174863
2.13 0.819254149673
2.15 1.06389754786
2.17 1.02149125574
2.19 0.807576517402
2.21 0.92831103385
2.23 1.03630536421
2.25 0.964210469489
2.27 0.851833133598
2.29 0.967963329679
2.31 0.877916082468
2.33 0.850138919264
2.35 0.893076533372
2.37 1.06463800463
2.39 0.887996271018
2.41 1.01761343073
2.43 0.902491683398
2.45 0.866249423565
2.47 1.10745877722
2.49 0.909156021519
2.5100000000000002 1.12738968804
2.5300000000000002 1.07187428673
2.5500000000000003 0.832278857935
2.57 0.935908910284
2.59 0.937786538123
2.61 0.894460611688
2.63 0.923523624996
2.65 0.8453650035
2.67 0.936183833956
2.69 0.815262003962
2.71 1.01808280961
2.73 0.855143661724
2.75 0.900374400857
2.77 0.749151126035
2.79 0.828301420143
2.81 0.84758173136
2.83 1.08323691168
2.85 0.777767026304
2.87 0.780563504974
2.89 0.905715227752
2.91 0.883283346937
2.93 0.917495123252
2.95 0.91926845608
2.97 0.968656762826
2.99 0.812330145063
3.0100000000000002 0.932281356369
3.0300000000000002 0.972823197531
3.0500000000000003 0.788618327682
3.0700000000000003 0.898698506206
3.09 1.03787956826
3.11 0.962963587503
3.13 0.994480168906
3.15 1.0630270704
3.17 0.810837394192
3.19 1.21971901594
3.21 0.910926185112
3.23 1.03669822655
3.25 0.957760901131
3.27 0.894211943184
3.29 0.895943552741
3.31 0.968896636226
3.33 1.00556614767
3.35 0.915092674645
3.37 1.07759943129
3.39 0.834733957811
3.41 1.00963642492
3.43 0.948749368666
3.45 0.929579091568
3.47 0.876651073703
3.49 0.864870484654
3.5100000000000002 0.967435253668
3.5300000000000002 0.968634270448
3.5500000000000003 0.936606771112
3.5700000000000003 0.931359674355
3.59 0.93930821896
3.61 0.992894076132
3.63 0.961438754161
3.65 0.865722026655
3.67 0.995937688764
3.69 1.00971138772
3.71 0.934350793342
3.73 0.929340869517
3.75 0.880366080837
3.77 0.944500366188
3.79 0.989291887862
3.81 0.965530853562
3.83 0.96048891699
3.85 0.94937436825
3.87 0.962748067361
3.89 1.00629431752
3.91 0.814185839284
3.93 0.804042085825
3.95 1.05070816158
3.97 1.09293378154
3.99 0.957433573413
4.01 0.993822593037
4.03 1.03570185423
4.05 1.04223233115
4.07 0.898056834831
4.09 0.864837444064
4.11 1.0614424202
4.13 0.896429488227
4.15 1.05121164988
4.17 1.03485992288
4.19 0.990524400533
4.21 0.91860390179
4.23 1.01460629884
4.25 0.909958218008
4.2700000000000005 0.971966566331
4.29 1.02240316581
4.3100000000000005 1.00124498339
4.33 0.936714157275
4.3500000000000005 0.981196186155
4.37 0.890366970445
4.39 0.956141163292
4.41 0.930416047532
4.43 0.835723202343
4.45 1.01743752521
4.47 0.791316587522
4.49 0.976861822119
4.51 0.90978597996
4.53 0.905769264816
4.55 0.881057106019
4.57 0.990721441393
4.59 0.883654096079
4.61 0.951433748658
4.63 0.952417022813
4.65 0.887465807296
4.67 1.00485345339
4.69 0.93520460156
4.71 0.926226825267
4.73 1.03199059234
4.75 1.02268089842
4.7700000000000005 1.00850561821
4.79 1.0239867925
4.8100000000000005 1.00502142062
4.83 1.01062432749
4.8500000000000005 0.991870473992
4.87 1.00232351166
4.89 0.945178307648
4.91 0.974947161824
4.93 0.947075941788
4.95 0.938485486607
4.97 0.996390182034
4.99 0.926236858597
5.01 0.983728137805
5.03 1.13921271111
5.05 0.901223410193
5.07 0.934877336477
5.09 0.926571092658
5.11 0.992165435666
5.13 0.891765975786
5.15 0.833356241569
5.17 0.962406274472
5.19 1.10863606381
5.21 0.950491210117
5.23 0.883732681529
5.25 1.01960765485
5.2700000000000005 0.899398120671
5.29 1.02527105688
5.3100000000000005 0.923709366496
5.33 1.03527370133
5.3500000000000005 1.10192683683
5.37 0.970475378417
5.39 0.905624397363
5.41 0.87612349278
5.43 0.859868212341
5.45 0.969210364225
5.47 1.00877675102
5.49 1.07812200571
5.51 1.03569123459
5.53 0.993567376817
5.55 0.905009532907
5.57 0.88905910318
5.59 0.911189017989
5.61 1.00461942953
5.63 0.946600169386
5.65 1.08098047536
5.67 1.10628012804
5.69 0.953195762895
5.71 0.937467633616
5.73 1.04942665769
5.75 1.01706888842
5.7700000000000005 1.18519201895
5.79 0.95709672926
5.8100000000000005 0.937567147191
5.83 0.950530027858
5.8500000000000005 1.06417877903
5.87 1.07662194116
5.89 0.984886865841
5.91 1.0015041982
5.93 1.00607964249
5.95 0.986844931551
5.97 0.959839185407
5.99 0.968444681103
6.01 1.11824488816
6.03 0.985484418848
6.05 1.00561296719
6.07 0.893522881528
6.09 0.971903088891
6.11 0.86451660966
6.13 0.900164572285
6.15 1.00843327204
6.17 0.86757539513
6.19 1.03239329524
6.21 0.945527752452
6.23 0.965203009402
6.25 1.01870932211
6.2700000000000005 0.985372151313
6.29 0.955995985465
6.3100000000000005 0.997811340773
6.33 0.949954936584
6.3500000000000005 1.0509431983
6.37 1.02913393056
6.390000000000001 1.02591285409
6.41 0.978566041493
6.43 1.00486130644
6.45 1.03099349998
6.47 0.914820681815
6.49 0.930168872556
6.51 0.981645852152
6.53 1.03641872074
6.55 0.92884861855
6.57 0.96191336295
6.59 1.04487411502
6.61 0.970362440517
6.63 0.906970550313
6.65 0.897150718791
6.67 1.09244398819
6.69 0.976382945195
6.71 1.05430257712
6.73 1.0406577399
6.75 0.943249372326
6.7700000000000005 0.860349316708
6.79 1.09397478749
6.8100000000000005 0.976491640954
6.83 1.03232636283
6.8500000000000005 0.926036792539
6.87 1.04004570529
6.890000000000001 0.954885975613
6.91 0.972597941798
6.93 0.918749388629
6.95 1.11289854001
6.97 1.05557318567
6.99 1.02893797768
7.01 0.948631679729
7.03 1.08010774498
7.05 0.99676706721
7.07 0.883879362328
7.09 0.91797188562
7.11 1.03147171165
7.13 1.02857838287
7.15 0.887182101943
7.17 0.999818023665
7.19 1.10526786674
7.21 0.92231734742
7.23 1.06001399034
7.25 0.975775212751
7.2700000000000005 0.90173083049
7.29 0.92836958113
7.3100000000000005 1.00970264548
7.33 0.92008635909
7.3500000000000005 0.988166009103
7.37 0.950288546746
7.390000000000001 1.0689734091
7.41 1.18065289181
7.43 0.936267041844
7.45 1.04770316188
7.47 0.978605439829
7.49 0.96969561641
7.51 0.995373006083
7.53 1.01778235726
7.55 0.968236110666
7.57 1.03109492153
7.59 1.0159504109
7.61 0.95750346928
7.63 0.887000556545
7.65 0.989487086656
7.67 0.956162173381
7.69 0.975140768529
7.71 1.003196479
7.73 0.967044149506
7.75 1.10147184768
7.7700000000000005 1.00455451171
7.79 1.07159909436
7.8100000000000005 0.860518793575
7.83 0.987821820316
7.8500000000000005 0.952261309004
7.87 0.955834020877
7.890000000000001 1.02514111124
7.91 1.01956790561
7.930000000000001 0.924812593926
7.95 0.946215565321
7.97 0.991181115838
7.99 1.03592155722
8.01 1.02450306357
8.03 1.01901473287
8.05 0.990118906354
8.07 1.00811968232
8.09 0.950245041342
8.11 1.06420860133
8.13 1.00067968466
8.15 1.05609208865
8.17 0.886100236548
8.19 0.901212007137
8.21 1.03401271022
8.23 0.971329092401
8.25 1.05186596671
8.27 1.00940229082
8.290000000000001 1.0155006813
8.31 0.939276601203
8.33 1.07290369781
8.35 1.01102777034
8.370000000000001 1.04805485814
8.39 1.01182888569
8.41 1.17485578777
8.43 1.02101429685
8.45 0.971156158489
8.47 1.01340841655
8.49 1.05268407571
8.51 0.980935011173
8.53 1.00075109256
8.55 0.97358780243
8.57 0.908028859007
8.59 0.988270588001
8.61 1.04349015928
8.63 1.03833940175
8.65 0.924166292539
8.67 0.922034421045
8.69 0.955189237798
8.71 0.950288546746
8.73 1.02374430731
8.75 1.02409931853
8.77 1.03789697183
8.790000000000001 0.877254109074
8.81 0.958238579151
8.83 1.00947979258
8.85 1.07381213855
8.870000000000001 0.975683539018
8.89 0.944310395242
8.91 1.06922768356
8.93 1.07211434816
8.950000000000001 1.056544688
8.97 1.04630225804
8.99 0.991513522634
9.01 0.95005416802
9.03 0.974064274301
9.05 0.987545613568
9.07 0.987967920297
9.09 1.03508388217
9.11 1.06905046863
9.13 1.06929145713
9.15 1.02829644688
9.17 1.07491340685
9.19 1.07000812911
9.21 1.08048652313
9.23 1.03726772796
9.25 0.991686502256
9.27 0.953933426705
9.290000000000001 0.995031630656
9.31 1.05874929547
9.33 1.00340300325
9.35 1.00630080096
9.370000000000001 1.02428627144
9.39 0.961833092654
9.41 1.04499199857
9.43 0.962754529018
9.450000000000001 0.940754003616
9.47 1.04335133845
9.49 0.951697865123
9.51 1.00920739889
9.53 1.06152670705
9.55 1.01732654816
9.57 0.978239291571
9.59 1.05488524694
9.61 1.17292715914
9.63 1.01867014249
9.65 1.01167160659
9.67 1.06566694857
9.69 0.968558437012
9.71 1.01513449442
9.73 1.00820076795
9.75 0.952923724863
9.77 1.02338212351
9.790000000000001 0.963482504929
9.81 1.02401690268
9.83 0.973955353928
9.85 0.952825508086
9.870000000000001 1.01540269311
9.89 0.987121436155
9.91 0.908984006631
9.93 1.02114106269
9.950000000000001 1.0570080906
9.97 0.953183292496
9.99 1.00792663159
10.01 0.972932044882
10.03 0.994502703125
10.05 1.05822255452
10.07 1.02802004581
10.09 1.04935324126
10.11 1.04494490307
10.13 0.987013163539
10.15 1.02224069907
10.17 1.00399945481
10.19 0.995086433023
10.21 0.990827572791
10.23 1.02116195489
10.25 0.996163361505
10.27 1.00340792528
10.290000000000001 0.996874336642
10.31 1.07270600296
10.33 1.0660635452
10.35 1.03210619726
10.370000000000001 0.991457874479
10.39 0.960044476645
10.41 0.976321996812
10.43 1.02871156378
10.450000000000001 0.961301991892
10.47 1.05856543695
10.49 1.05205125417
10.51 1.05678033864
10.53 1.02789995702
10.55 0.918662303379
10.57 0.970467069446
10.59 1.04211687028
10.61 1.02014953322
10.63 1.01379342228
10.65 1.01410378527
10.67 0.992312484007
10.69 1.01030919674
10.71 0.977597388685
10.73 0.945007525862
10.75 0.978347023389
10.77 0.978719752622
10.790000000000001 0.939752618397
10.81 1.01872677353
10.83 0.938459093888
10.85 1.032358184
10.870000000000001 1.04130565482
10.89 0.980927377557
10.91 1.06126361552
10.93 1.05284925365
10.950000000000001 1.0100090311
10.97 0.9630257949
10.99 1.13936628004
11.01 0.976661475433
11.03 1.04757976528
11.05 0.990198436107
11.07 1.03101331573
11.09 1.0142695009
11.11 0.993340923151
11.13 1.03393012959
11.15 1.01727118406
11.17 0.939449352473
11.19 0.992561336831
11.21 1.05179457217
11.23 1.04992138505
11.25 0.951633811191
11.27 1.10478187353
11.290000000000001 1.00883402753
11.31 0.977860202522
11.33 1.02192286366
11.35 1.01596683495
11.370000000000001 0.972699990371
11.39 0.958569928417
11.41 0.927955670846
11.43 1.02536075688
11.450000000000001 0.961784840341
11.47 1.07935030617
11.49 1.04463431356
11.51 1.04486789723
11.53 1.01237736188
11.55 1.06166596019
11.57 0.959962088084
11.59 1.07224421746
11.61 1.00540146275
11.63 0.950954332805
11.65 0.971587336301
11.67 0.971942905074
11.69 0.986417756774
11.71 1.03910477395
11.73 1.01521937985
11.75 0.999442951954
11.77 0.975706126429
11.790000000000001 0.932048786056
11.81 1.0502734332
11.83 0.922917285264
11.85 1.03080838579
11.870000000000001 1.00721868528
11.89 1.00750773999
11.91 1.01373568142
11.93 1.04168570665
11.950000000000001 1.05178224989
11.97 1.051994914
11.99 1.03253945052
12.01 1.01511225123
12.030000000000001 1.03106643775
12.05 0.984345299336
12.07 0.992482769556
12.09 1.03765232853
12.11 1.07098917172
12.13 0.938972479047
12.15 1.03835064649
12.17 0.984327611219
12.19 1.05041921487
12.21 1.02938557627
12.23 1.01034887796
12.25 0.939399374888
12.27 0.98783654722
12.290000000000001 0.955529266514
12.31 0.967386135306
12.33 1.00406715424
12.35 0.964252900859
12.370000000000001 1.02369626706
12.39 1.02775355338
12.41 0.999494701538
12.43 0.975121032533
12.450000000000001 1.03037682439
12.47 1.00035869679
12.49 0.996868832242
12.51 1.05559482115
12.530000000000001 0.978630633698
12.55 1.0653832552
12.57 0.969888475522
12.59 0.992696916864
