0.01 0.0
0.03 1.56908906847
0.05 0.94145344108
0.07 0.0
0.09 0.0
0.11 0.0
0.13 0.181048738669
0.15 0.0
0.17 0.415347106359
0.19 0.247750905547
0.21 0.0
0.23 0.10233189577
0.25 0.282436032324
0.27 0.348686459659
0.29 0.324639117614
0.31 0.303694658413
0.33 0.713222303848
0.35000000000000003 0.537973394903
0.37 0.890564065886
0.39 0.724194954677
0.41000000000000003 0.631462673895
0.43 0.930506308044
0.45 0.784544534233
0.47000000000000003 0.70108234974
0.49 1.82526687556
0.51 1.4767897115
0.53 1.11020452958
0.55 1.66894019101
0.5700000000000001 1.52779725088
0.59 0.877626089142
0.61 0.733098991005
0.63 0.859263061303
0.65 1.41218016162
0.67 1.22951009096
0.6900000000000001 1.15976148539
0.71 1.22654145493
0.73 1.87001025968
0.75 1.06698056656
0.77 1.16153346627
0.79 1.34067736863
0.81 1.80154670824
0.8300000000000001 1.47456563061
0.85 1.24604131908
0.87 0.973917352841
0.89 0.899140926874
0.91 1.16388474859
0.93 1.06293130445
0.9500000000000001 0.94145344108
0.97 0.849249238088
0.99 1.02228530218
1.01 0.675795786914
1.03 0.731225973654
1.05 1.12077790605
1.07 0.923856180499
1.09 1.05805547277
1.11 0.869360159556
1.1300000000000001 0.770658790264
1.1500000000000001 0.880054303618
1.17 0.804661060752
1.19 1.04825698271
1.21 1.03093042102
1.23 0.784544534233
1.25 0.94145344108
1.27 1.07488778706
1.29 0.821034977686
1.31 1.00613344848
1.33 1.18566504798
1.35 1.13323099389
1.37 0.979249017182
1.3900000000000001 1.21914834097
1.41 0.968161340118
1.43 0.921702669589
1.45 0.795365838154
1.47 1.13678901899
1.49 1.02675291393
1.51 0.950805627581
1.53 1.12297550978
1.55 1.12367023613
1.57 1.12434726244
1.59 0.88816362366
1.61 1.14026969572
1.6300000000000001 1.35731017579
1.6500000000000001 0.884395656772
1.67 1.05702107906
1.69 1.04451195386
1.71 1.15617089255
1.73 1.08838548102
1.75 0.981801445698
1.77 1.06378919896
1.79 0.880969002128
1.81 0.962259041988
1.83 0.848851463269
1.85 0.954175784878
1.87 1.01948835197
1.8900000000000001 0.871716149148
1.9100000000000001 0.98581512155
1.93 0.682919594566
1.95 1.08629243202
1.97 0.943842916819
1.99 1.05263010372
2.0100000000000002 0.971898452856
2.0300000000000002 0.973917352841
2.05 0.952934580605
2.07 1.22798274923
2.09 0.979742217392
2.11 1.0150742078
2.13 1.14919199381
2.15 0.963347707151
2.17 1.13885496905
2.19 0.902763573638
2.21 1.13954206104
2.23 0.897124915827
2.25 1.09836234793
2.27 1.24421159614
2.29 0.822230079546
2.31 1.15134457621
2.33 1.05054890421
2.35 1.00154621391
2.37 1.18178227309
2.39 1.17189288168
2.41 1.04497425514
2.43 1.06543084896
2.45 0.960666776612
2.47 0.991003622189
2.49 1.0114007851
2.5100000000000002 0.909571551641
2.5300000000000002 1.05122765654
2.5500000000000003 0.978373183867
2.57 1.18139585505
2.59 0.954175784878
2.61 1.03704162571
2.63 1.06495208639
2.65 0.959216713553
2.67 0.97847689101
2.69 1.03244894096
2.71 1.00745940189
2.73 1.22423432814
2.75 1.29235881457
2.77 1.03661840985
2.79 0.860468198836
2.81 0.929727152668
2.83 1.05622426694
2.85 1.01577871274
2.87 0.877487092296
2.89 0.920278882716
2.91 1.1080680535
2.93 1.07640581147
2.95 0.973367117049
2.97 0.982661840858
2.99 0.983960536246
3.0100000000000002 1.10253268432
3.0300000000000002 1.07971970553
3.0500000000000003 1.02633858741
3.0700000000000003 0.935320193907
3.09 0.967351027647
3.11 1.08978533373
3.13 1.11290023386
3.15 0.911566030252
3.17 1.05430905862
3.19 0.929648382258
3.21 1.00451029149
3.23 0.925422500133
3.25 1.06456658337
3.27 1.00767187883
3.29 1.04446962308
3.31 0.988383899623
3.33 0.911767972217
3.35 0.955504984977
3.37 1.10348400364
3.39 1.11780238948
3.41 1.15956142303
3.43 1.01556202099
3.45 1.00967470493
3.47 0.942810002234
3.49 0.923919207937
3.5100000000000002 1.09299794085
3.5300000000000002 1.1201429044
3.5500000000000003 0.908303672028
3.5700000000000003 0.890029513626
3.59 0.924407626687
3.61 1.0822802716
3.63 1.00499506451
3.65 0.844728772476
3.67 0.987628269253
3.69 1.03330255728
3.71 0.996012063676
3.73 1.09794168062
3.75 1.01676971637
3.77 1.00513265261
3.79 0.943937487099
3.81 0.926627402638
3.83 1.13687262794
3.85 1.00870011544
3.87 1.05822286013
3.89 1.12538778947
3.91 0.975162771451
3.93 0.988166779759
3.95 0.953370573245
3.97 1.01971027623
3.99 1.05589076412
4.01 1.15627386467
4.03 1.13885496905
4.05 1.08092802494
4.07 0.994655969691
4.09 1.06460199633
4.11 1.00215542694
4.13 0.991603503317
4.15 1.03219594142
4.17 0.970803308548
4.19 1.00549025032
4.21 0.972760681401
4.23 1.08500839841
4.25 0.963605286752
4.2700000000000005 0.97562798051
4.29 0.987538574559
4.3100000000000005 0.906503893383
4.33 1.07082175458
4.3500000000000005 1.07671974009
4.37 1.07717785021
4.39 0.954320686288
4.41 0.949992701316
4.43 0.935077909876
4.45 0.899140926874
4.47 1.22683809716
4.49 1.02217940429
4.51 1.05417735642
4.53 1.05471881092
4.55 0.967317546604
4.57 0.999135489986
4.59 1.03067615282
4.61 0.918989259189
4.63 0.99635461367
4.65 1.10342392557
4.67 0.972700825099
4.69 1.10906828613
4.71 0.994422689888
4.73 1.03002569928
4.75 0.971183549746
4.7700000000000005 1.12007301428
4.79 1.09082809979
4.8100000000000005 1.01289429472
4.83 0.955097693849
4.8500000000000005 0.960864852236
4.87 0.932754179304
4.89 1.00594974021
4.91 1.01143928751
4.93 1.09804407428
4.95 1.01277567146
4.97 0.928193533459
4.99 1.02352403163
5.01 1.05702107906
5.03 1.03878063578
5.05 0.988060047074
5.07 1.09093470737
5.09 1.04965585032
5.11 1.10542478405
5.13 1.10111513577
5.15 0.968874415092
5.17 0.95602138601
5.19 0.902452961343
5.21 0.930611366902
5.23 0.981055689079
5.25 0.981801445698
5.2700000000000005 0.973609346088
5.29 0.996623680538
5.3100000000000005 0.895355909125
5.33 1.13045066096
5.3500000000000005 0.998644537968
5.37 1.06943500756
5.39 0.986866779611
5.41 1.01802266734
5.43 0.988266043123
5.45 0.945772034846
5.47 1.17896820318
5.49 0.981752449942
5.51 1.02944772822
5.53 0.966138929137
5.55 0.94145344108
5.57 0.891591903357
5.59 1.00208371636
5.61 1.07402888109
5.63 1.13292132563
5.65 0.841476084505
5.67 1.00039805688
5.69 0.951380893886
5.71 0.894463208031
5.73 0.944739491485
5.75 1.01922568186
5.7700000000000005 1.00345557411
5.79 0.926819449768
5.8100000000000005 0.960088061686
5.83 1.02138816721
5.8500000000000005 0.993756410029
5.87 1.01442811156
5.89 1.06293130445
5.91 0.983667512465
5.93 0.916845467493
5.95 1.11550365708
5.97 1.09993932186
5.99 0.950883692576
6.01 0.928138375773
6.03 1.02264013915
6.05 1.17876195309
6.07 1.02753361568
6.09 1.04348287804
6.11 0.939912600751
6.13 0.917648337757
6.15 1.10601644094
6.17 1.02995311625
6.19 0.99620679145
6.21 1.06500973005
6.23 0.982254794064
6.25 0.945219254844
6.2700000000000005 0.994757423789
6.29 0.995336308932
6.3100000000000005 0.951151455925
6.33 0.992764884551
6.3500000000000005 1.11195288317
6.37 1.0825975598
6.390000000000001 0.965026610184
6.41 1.0244364667
6.43 0.937060967793
6.45 0.908612041972
6.47 0.938543229515
6.49 1.0335679149
6.51 0.983392227242
6.53 0.908293518959
6.55 1.11393346082
6.57 0.995905847109
6.59 0.992883371093
6.61 1.07177566477
6.63 0.95139337183
6.65 1.0405538033
6.67 0.924515747987
6.69 0.971005791248
6.71 1.04177225038
6.73 0.94774844923
6.75 0.906584795114
6.7700000000000005 0.963008135817
6.79 0.99830114518
6.8100000000000005 0.915877980493
6.83 0.97177844211
6.8500000000000005 1.0342244006
6.87 0.959268426137
6.890000000000001 0.963315930278
6.91 0.960527751029
6.93 1.01549270881
6.95 0.961772580096
6.97 1.0029113056
6.99 1.12125892661
7.01 1.10462975077
7.03 0.987655636979
7.05 1.02491562557
7.07 0.965422552734
7.09 1.06560844354
7.11 1.01295623407
7.13 1.00681381322
7.15 1.05337447953
7.17 1.01432745221
7.19 1.01150595721
7.21 0.930354475408
7.23 1.01567591154
7.25 0.964178179313
7.2700000000000005 1.06836188293
7.29 0.991173547365
7.3100000000000005 0.985241973223
7.33 0.931178369417
7.3500000000000005 1.07594678981
7.37 0.95805981114
7.390000000000001 1.01597986368
7.41 0.962416979242
7.43 0.883800504917
7.45 0.928816482139
7.47 0.926329691022
7.49 1.0118424834
7.51 1.08122981749
7.53 0.997090463826
7.55 1.00380135109
7.57 0.951402750893
7.59 1.00161219193
7.61 1.05774335364
7.63 1.05805547277
7.65 1.02144621712
7.67 0.892969202589
7.69 1.06816401475
7.71 0.906652632947
7.73 0.96824771754
7.75 1.01737710568
7.7700000000000005 0.993554468064
7.79 1.02121714726
7.8100000000000005 0.970384148616
7.83 1.00698244815
7.8500000000000005 1.01341166588
7.87 1.05569588533
7.890000000000001 0.933697487509
7.91 0.904557035677
7.930000000000001 0.875563572253
7.95 1.03026980345
7.97 1.09265298996
7.99 1.07224359372
8.01 0.946154831547
8.03 1.03759189957
8.05 0.999928810091
8.07 0.985784582048
8.09 1.0298965332
8.11 1.06798664093
8.13 0.952454434549
8.15 0.953005017044
8.17 0.927625483561
8.19 1.06330211599
8.21 0.968974613535
8.23 0.963760053596
8.25 1.02704011754
8.27 0.973328527356
8.290000000000001 1.13564950673
8.31 0.928991361836
8.33 1.01435109648
8.35 1.0260151274
8.370000000000001 1.06293130445
8.39 0.900496288995
8.41 0.968320126675
8.43 0.954854913551
8.45 1.00551684092
8.47 0.980912233475
8.49 0.948106822289
8.51 1.03438186535
8.53 1.00988264782
8.55 0.957970168116
8.57 0.952988168188
8.59 1.05762813812
8.61 0.956761627114
8.63 0.913635291894
8.65 0.938732477377
8.67 0.958284500292
8.69 0.993997160174
8.71 1.02684359245
8.73 1.01370702705
8.75 1.02214945032
8.77 1.0251859022
8.790000000000001 0.953234997225
8.81 0.991144229968
8.83 0.924927361423
8.85 1.00528079302
8.870000000000001 1.01893495314
8.89 0.979577539931
8.91 0.937755251356
8.93 0.991003622189
8.950000000000001 1.09660917578
8.97 0.997080010062
8.99 1.15194525605
9.01 1.05273511863
9.03 1.00348719495
9.05 1.04548144562
9.07 0.94456739954
9.09 0.981327981764
9.11 0.992091441753
9.13 1.02085312888
9.15 0.933736609596
9.17 1.01896678328
9.19 1.0423600395
9.21 1.05542961771
9.23 1.00724298274
9.25 0.987253878754
9.27 0.969890006722
9.290000000000001 1.0260727762
9.31 0.965722917542
9.33 0.971220725658
9.35 0.883556571709
9.370000000000001 1.01228851856
9.39 1.01765201565
9.41 1.02299271361
9.43 0.953433760585
9.450000000000001 0.958887764063
9.47 0.91709693706
9.49 1.10613338968
9.51 0.972637230138
9.53 1.04221760791
9.55 0.931595289864
9.57 1.03294264695
9.59 1.00870011544
9.61 1.02619404738
9.63 0.950740884164
9.65 0.995111409224
9.67 0.88839324197
9.69 1.07115832693
9.71 0.991386347584
9.73 1.00628117032
9.75 1.00421700382
9.77 1.05997828576
9.790000000000001 1.00011397214
9.81 0.923699222262
9.83 0.991255657699
9.85 0.991632431594
9.870000000000001 1.00154621391
9.89 1.01379971158
9.91 0.971378550458
9.93 0.898315342823
9.950000000000001 0.955646206523
9.97 0.93484343698
9.99 1.04605937898
10.01 0.987538574559
10.03 1.00668874931
10.05 1.00468538862
10.07 0.904524532517
10.09 0.951717056394
10.11 1.11279610494
10.13 0.961899616503
10.15 0.985511607042
10.17 1.0206021817
10.19 1.0440062693
10.21 0.945141799321
10.23 1.06983345577
10.25 1.04937615262
10.27 1.09316770057
10.290000000000001 0.903484230385
10.31 1.03185488693
10.33 0.984288205582
10.35 1.01877087344
10.370000000000001 0.885165964371
10.39 1.02844047702
10.41 0.997072448406
10.43 1.02449631412
10.450000000000001 0.979742217392
10.47 0.964382822883
10.49 1.01190539067
10.51 1.02117690089
10.53 0.972298781742
10.55 1.0150742078
10.57 0.981979582583
10.59 0.973457524063
10.61 1.07366509303
10.63 0.958723753499
10.65 0.912723641235
10.67 0.930865398631
10.69 0.990771862689
10.71 1.03067615282
10.73 0.980497875496
10.75 0.97210541358
10.77 1.00308061619
10.790000000000001 0.977226926793
10.81 1.02985078083
10.83 1.01490941132
10.85 0.960976669121
10.870000000000001 0.961373799079
10.89 0.959608190632
10.91 0.985894185549
10.93 1.07022497762
10.950000000000001 0.980143308522
10.97 1.04486742435
10.99 1.00441688778
11.01 1.02610729273
11.03 1.06478981663
11.05 0.988313114618
11.07 1.03755483118
11.09 0.982626111857
11.11 0.985094172147
11.13 1.0615669978
11.15 0.977338437713
11.17 0.935553553804
11.19 1.01801489161
11.21 1.04349322082
11.23 0.95151349566
11.25 1.06070421028
11.27 1.05464504824
11.290000000000001 0.952710856009
11.31 0.994727552688
11.33 1.05113733713
11.35 0.987074532938
11.370000000000001 1.0288090594
11.39 0.977408862227
11.41 0.990135082643
11.43 0.926627402638
11.450000000000001 0.955842467472
11.47 0.950071803008
11.49 0.970950676832
11.51 1.05310278487
11.53 1.01249112484
11.55 1.00870011544
11.57 0.972374124538
11.59 1.08238715292
11.61 1.03186865097
11.63 0.999737746976
11.65 0.925291150246
11.67 1.03664753367
11.69 1.03487397073
11.71 0.992907770908
11.73 1.0233189577
11.75 0.965490550214
11.77 0.935854312713
11.790000000000001 0.990163076284
11.81 1.04628081407
11.83 0.960950997552
11.85 1.02884574363
11.870000000000001 0.945815693755
11.89 0.977876366471
11.91 1.03354355517
11.93 1.02391939631
11.950000000000001 0.980844798447
11.97 0.959543189739
11.99 1.0973154161
12.01 0.98378357082
12.030000000000001 0.950844497849
12.05 1.03716136351
12.07 1.03154281345
12.09 1.03762341624
12.11 1.03785329797
12.13 1.08465060504
12.15 1.07705373095
12.17 1.05981200845
12.19 1.00594184332
12.21 1.0389914102
12.23 0.987255959268
12.25 0.993329447017
12.27 1.01664695145
12.290000000000001 1.01690760214
12.31 1.00760756184
12.33 1.0346061741
12.35 0.918584126722
12.370000000000001 1.00272021716
12.39 1.01819823329
12.41 0.982419183077
12.43 0.967583886548
12.450000000000001 0.971700941195
12.47 0.932393744774
12.49 0.989317567188
12.51 0.991498727916
12.530000000000001 0.937320963884
12.55 1.04460073044
12.57 0.994255722381
12.59 1.03567356306
