0.01 0.0
0.03 0.0
0.05 0.0
0.07 0.338123893542
0.09 0.0
0.11 0.0
0.13 0.182066711907
0.15 0.15779115032
0.17 0.278454971152
0.19 0.124571960779
0.21 0.112707964514
0.23 0.102907271948
0.25 0.568048141151
0.27 0.35064700071
0.29 0.489696673406
0.31 0.534453896244
0.33 0.286893000581
0.35000000000000003 0.879122123209
0.37 0.767632623177
0.39 0.606889039691
0.41000000000000003 1.03911245332
0.43 0.935738217012
0.45 0.841552801705
0.47000000000000003 0.95681867747
0.49 0.966068267263
0.51 1.43868401762
0.53 0.893157454639
0.55 1.97956170401
0.5700000000000001 0.955051699303
0.59 0.762211488832
0.61 0.853624255827
0.63 0.713817108589
0.65 1.20164029859
0.67 1.2364231928
0.6900000000000001 1.33779453532
0.71 1.40011865777
0.73 1.58871911623
0.75 1.45167858294
0.77 1.22954143106
0.79 1.40813621488
0.81 1.1688233357
0.8300000000000001 1.79653779581
0.85 1.2808928673
0.87 0.979393346811
0.89 1.01057253575
0.91 1.01437168063
0.93 1.06890779249
0.9500000000000001 1.02149007838
0.97 0.7564214938
0.99 0.90849450184
1.01 0.820201523939
1.03 1.03406821811
1.05 1.19470442385
1.07 0.707848150967
1.09 1.1074333027
1.11 0.788955751598
1.1300000000000001 0.921612028416
1.1500000000000001 0.967328356307
1.17 0.910333559536
1.19 1.07404060302
1.21 1.15409229779
1.23 0.923655514066
1.25 0.965681839956
1.27 0.950474251925
1.29 1.3393899969
1.31 1.19246747188
1.33 1.04996366942
1.35 0.771423401563
1.37 1.0538606025
1.3900000000000001 1.20897536036
1.41 0.906459799708
1.43 0.959988117329
1.45 0.799837899896
1.47 1.19148419629
1.49 1.0166409685
1.51 1.15992170103
1.53 1.02100156089
1.55 1.23687901702
1.57 1.07036672032
1.59 1.16110469103
1.61 1.05847479718
1.6300000000000001 1.24877658842
1.6500000000000001 0.903712951831
1.67 1.17634719849
1.69 1.00836948133
1.71 1.14883030496
1.73 1.28604347948
1.75 0.919696990434
1.77 1.13663116756
1.79 1.20326771054
1.81 1.22920177873
1.83 0.931226460903
1.85 1.06189179539
1.87 0.987249443176
1.8900000000000001 1.02689478779
1.9100000000000001 0.941790111855
1.93 0.882976385208
1.95 1.03171136747
1.97 1.0092225858
1.99 0.975292034639
2.0100000000000002 0.918485800368
2.0300000000000002 0.816161122343
2.05 1.18920647436
2.07 1.1205458501
2.09 0.939952067693
2.11 0.964694710485
2.13 1.1556534953
2.15 1.13389454532
2.17 1.18888723858
2.19 1.03753085142
2.21 1.08169046486
2.23 0.98707916904
2.25 0.746878111513
2.27 1.21992717538
2.29 1.12658747062
2.31 1.07584875218
2.33 0.965031713328
2.35 1.14818241296
2.37 1.05859885657
2.39 1.07944991955
2.41 1.14906003656
2.43 1.0616811966
2.45 0.985389632608
2.47 0.996575686229
2.49 1.02659302618
2.5100000000000002 0.924115501872
2.5300000000000002 1.12262478488
2.5500000000000003 0.881774075316
2.57 1.12357122601
2.59 1.15144893476
2.61 0.952187976067
2.63 0.989944479192
2.65 1.05392579647
2.67 1.03716654985
2.69 0.994260222274
2.71 1.01312399098
2.73 0.87565418584
2.75 1.02420801207
2.77 1.13643806819
2.79 0.933173469632
2.81 0.985492771569
2.83 1.02870908954
2.85 1.14606203916
2.87 1.06385322602
2.89 1.04830106787
2.91 1.12243189403
2.93 1.06630197144
2.95 0.906630507769
2.97 1.0838180022
2.99 1.02907271948
3.0100000000000002 1.13232187605
3.0300000000000002 0.992053271812
3.0500000000000003 0.97002756344
3.0700000000000003 0.886611512382
3.09 1.08002680559
3.11 0.905650171449
3.13 1.00572953638
3.15 1.05194100213
3.17 1.08263644147
3.19 1.19456309725
3.21 1.14287982708
3.23 1.07718107262
3.25 1.09968293992
3.27 1.0133376626
3.29 1.09350705997
3.31 1.07974911019
3.33 1.03772558318
3.35 1.00326910502
3.37 1.13075854012
3.39 1.16597885413
3.41 1.13137642971
3.43 1.01437168063
3.45 0.939886417121
3.47 0.968573919829
3.49 0.949459643757
3.5100000000000002 1.06542742524
3.5300000000000002 0.978930932578
3.5500000000000003 1.01341921895
3.5700000000000003 0.921553356909
3.59 0.995534694914
3.61 1.13426048498
3.63 0.971524024695
3.65 0.985654308846
3.67 1.05122442107
3.69 1.09684092295
3.71 0.982473200103
3.73 1.05335111071
3.75 1.02248665407
3.77 1.09867843392
3.79 0.942999882517
3.81 0.993960002013
3.83 1.07528695126
3.85 1.01437168063
3.87 0.911274472776
3.89 1.12563095665
3.91 0.871685127085
3.93 1.18644490889
3.95 1.04861207491
3.97 0.959863042876
3.99 1.07369166195
4.01 0.967995585502
4.03 1.08065403197
4.05 1.25648508588
4.07 1.02351016424
4.09 1.01271826305
4.11 0.950202182582
4.13 0.894022498179
4.15 1.04370290995
4.17 1.0103174373
4.19 1.15236496415
4.21 1.03445029663
4.23 0.951223246608
4.25 0.991299697302
4.2700000000000005 0.981113592737
4.29 0.948953771153
4.3100000000000005 1.02692384373
4.33 0.885525393249
4.3500000000000005 1.06645053319
4.37 0.996575686229
4.39 1.04055895256
4.41 1.01973872656
4.43 0.902935815034
4.45 1.05844176113
4.47 0.984870938237
4.49 1.00156966239
4.51 0.991880069082
4.53 1.11812272081
4.55 1.07679455328
4.57 0.932245308234
4.59 0.892087222395
4.61 0.903619602698
4.63 1.02240486168
4.65 1.02309745852
4.67 0.95789702603
4.69 0.943718926752
4.71 1.0402155451
4.73 0.980773746173
4.75 1.06633598427
4.7700000000000005 1.11148483244
4.79 1.04260749637
4.8100000000000005 1.00874799841
4.83 0.97516891036
4.8500000000000005 1.078510646
4.87 0.923418436162
4.89 0.948682989652
4.91 1.06533128984
4.93 0.964990503476
4.95 1.01368860205
4.97 1.1000932311
4.99 1.05773827218
5.01 1.13382862505
5.03 1.04462133313
5.05 0.960807499471
5.07 1.09706864867
5.09 0.934656813779
5.11 1.12553570042
5.13 0.996575686229
5.15 0.951342760665
5.17 0.988865236046
5.19 1.11730727827
5.21 0.922215072405
5.23 1.13138970114
5.25 0.996338406304
5.2700000000000005 0.974592399033
5.29 1.0067015734
5.3100000000000005 1.00290985373
5.33 1.10572222597
5.3500000000000005 0.9246266472
5.37 1.07985563766
5.39 1.07584875218
5.41 1.04124659268
5.43 1.0548469165
5.45 0.933718274827
5.47 1.07742220556
5.49 0.926915227287
5.51 1.09966972274
5.53 0.997251483485
5.55 0.959540778971
5.57 0.973092641558
5.59 1.05429328523
5.61 1.03787761975
5.63 1.01737455712
5.65 0.850396553492
5.67 0.939233037617
5.69 0.906813816424
5.71 0.957524230924
5.73 1.01201130441
5.75 1.11551482791
5.7700000000000005 0.996791582175
5.79 0.932030628831
5.8100000000000005 0.941043607328
5.83 1.06366933234
5.8500000000000005 1.0478950752
5.87 1.05238901789
5.89 0.964428083448
5.91 1.01723228886
5.93 1.04573224411
5.95 1.06210681854
5.97 1.04269026467
5.99 1.0234033706
6.01 1.06725628294
6.03 1.02053977819
6.05 1.18147753876
6.07 0.892936740277
6.09 1.11542020054
6.11 1.02267259454
6.13 1.04250270603
6.15 1.06220384118
6.17 1.01272764225
6.19 0.906215734065
6.21 0.903297164873
6.23 0.885200755003
6.25 0.87858112498
6.2700000000000005 0.921077528182
6.29 1.0385617843
6.3100000000000005 1.01651509675
6.33 1.06939026046
6.3500000000000005 1.01756655206
6.37 1.06267509399
6.390000000000001 1.0445329669
6.41 0.98219452383
6.43 1.04539704566
6.45 0.979772956636
6.47 0.921871017323
6.49 0.973734294345
6.51 1.04709334774
6.53 1.14899987714
6.55 1.00456350662
6.57 1.00150547463
6.59 0.951775147983
6.61 0.941733869911
6.63 1.09240027144
6.65 1.07487806158
6.67 0.972296293574
6.69 0.926934560174
6.71 1.03352027668
6.73 1.03396578441
6.75 1.07297982217
6.7700000000000005 0.895004456761
6.79 0.989970987278
6.8100000000000005 0.997490311492
6.83 0.956450018043
6.8500000000000005 1.07113700582
6.87 1.03012126519
6.890000000000001 1.06148328263
6.91 1.01045707694
6.93 0.949479216209
6.95 1.02848044741
6.97 0.984779776026
6.99 1.00905070376
7.01 1.05681804672
7.03 1.01004292523
7.05 1.04075014041
7.07 0.917286602282
7.09 1.05824671336
7.11 1.01865172991
7.13 0.96600052054
7.15 0.959988117329
7.17 1.01012744765
7.19 0.957939320091
7.21 0.965130336906
7.23 1.12614430934
7.25 0.976128702322
7.2700000000000005 1.00925563822
7.29 0.990253103858
7.3100000000000005 0.997257338545
7.33 0.971933211041
7.3500000000000005 0.988609860166
7.37 1.02446493118
7.390000000000001 0.986461589278
7.41 1.07004120156
7.43 1.07034643016
7.45 0.99122494429
7.47 0.966391583283
7.49 0.995411462297
7.51 0.973850841187
7.53 1.01212650205
7.55 1.03452476037
7.57 0.984891922405
7.59 0.963586273691
7.61 0.936172199334
7.63 0.952330599242
7.65 0.956028734289
7.67 0.925762941901
7.69 1.07416992448
7.71 0.982357356075
7.73 0.881834113041
7.75 1.04142159211
7.7700000000000005 0.916894522128
7.79 0.987460664709
7.8100000000000005 0.987962516086
7.83 0.955210795038
7.8500000000000005 1.07338183784
7.87 0.989452765981
7.890000000000001 0.845952554946
7.91 1.02634066801
7.930000000000001 0.931226460903
7.95 1.01522230677
7.97 1.04237190268
7.99 1.05457414607
8.01 0.948519836191
8.03 1.02279319728
8.05 0.982029395157
8.07 1.02652235338
8.09 1.00057923503
8.11 0.983519438799
8.13 1.00147888764
8.15 1.03677498155
8.17 1.1269416917
8.19 1.07217063679
8.21 0.980188631705
8.23 1.04395238577
8.25 1.07297982217
8.27 0.981663202412
8.290000000000001 1.08493312041
8.31 1.01396479267
8.33 1.08540611204
8.35 0.94958147348
8.370000000000001 0.941656864811
8.39 0.928127922321
8.41 1.02442292598
8.43 0.965839069572
8.45 1.01117050767
8.47 1.05069904109
8.49 0.998042964919
8.51 1.08191699426
8.53 1.01556086196
8.55 0.963356496688
8.57 0.952822873867
8.59 1.0139780556
8.61 1.03361450384
8.63 0.984594837162
8.65 0.963164478252
8.67 0.86539437113
8.69 0.942389033554
8.71 1.00000820868
8.73 0.897403277591
8.75 1.07117649474
8.77 1.10651718867
8.790000000000001 0.950516656362
8.81 1.01820963628
8.83 1.01322290183
8.85 1.02430526394
8.870000000000001 0.97396454115
8.89 0.969111001963
8.91 0.982874168658
8.93 0.993925218979
8.950000000000001 1.00228233471
8.97 0.965745167508
8.99 1.08470445937
9.01 0.969338531653
9.03 1.00912944972
9.05 0.959823516585
9.07 1.00206948825
9.09 0.976430385641
9.11 1.00806201412
9.13 0.922896760906
9.15 1.01400214632
9.17 0.975655204266
9.19 1.08942856233
9.21 0.935439392774
9.23 0.989827476003
9.25 1.00559873636
9.27 0.937044533451
9.290000000000001 0.985982376324
9.31 0.98386426166
9.33 1.0223445913
9.35 0.987249443176
9.370000000000001 0.962408136688
9.39 0.985564533147
9.41 1.06395839403
9.43 0.961304515998
9.450000000000001 1.00184857346
9.47 1.01472872803
9.49 1.0475071096
9.51 1.02041595633
9.53 1.02324166734
9.55 0.974009247261
9.57 1.04617016591
9.59 0.920585491177
9.61 1.01472352651
9.63 0.96100217718
9.65 1.01542284299
9.67 1.04269436457
9.69 1.01123121103
9.71 0.943334322972
9.73 1.04842732458
9.75 0.946746901918
9.77 0.956921766268
9.790000000000001 0.996066709883
9.81 0.919242022504
9.83 1.02090713737
9.85 1.01643131856
9.870000000000001 1.01197363883
9.89 0.966849717833
9.91 0.950568281946
9.93 0.962955056331
9.950000000000001 0.99907964524
9.97 1.07304312855
9.99 1.00455627231
10.01 0.988362150354
10.03 1.09258179359
10.05 0.99620382963
10.07 0.897858283348
10.09 1.01805786777
10.11 0.931763765982
10.13 0.939270124805
10.15 1.01903545847
10.17 0.991431121477
10.19 0.980194290013
10.21 0.957410554584
10.23 1.04577126018
10.25 1.09684092295
10.27 1.07165849414
10.290000000000001 0.972968754886
10.31 0.961898525469
10.33 0.946288650755
10.35 1.00620443682
10.370000000000001 0.896990193958
10.39 0.920321819959
10.41 1.01404687381
10.43 0.928138741334
10.450000000000001 0.980721073039
10.47 1.03310251714
10.49 0.979237739352
10.51 1.14852740242
10.53 1.02272041874
10.55 1.01405118404
10.57 0.9516732103
10.59 0.952110907028
10.61 1.0930866681
10.63 1.04204503786
10.65 0.982305471004
10.67 0.973809489086
10.69 1.00741309722
10.71 1.00774180036
10.73 0.946305733744
10.75 0.997386852485
10.77 1.09223122157
10.790000000000001 0.921301433748
10.81 1.04439933445
10.83 1.00531757821
10.85 0.931476790596
10.870000000000001 0.94935981885
10.89 0.960656865582
10.91 1.0261486815
10.93 1.04809126379
10.950000000000001 0.946746901918
10.97 1.0075907092
10.99 0.986374160779
11.01 0.973833666142
11.03 1.05790168324
11.05 1.01528966405
11.07 1.060493368
11.09 0.979614129802
11.11 1.0268497001
11.13 1.02500450747
11.15 1.03165693796
11.17 0.934456991374
11.19 0.937017152702
11.21 1.02402374538
11.23 0.977939809639
11.25 0.978305131982
11.27 1.02487242266
11.290000000000001 0.995803318005
11.31 0.933353488628
11.33 1.05286945844
11.35 0.990539159495
11.370000000000001 0.97422504419
11.39 0.995372620761
11.41 1.02266919949
11.43 0.942191251909
11.450000000000001 1.03770075276
11.47 1.03589133558
11.49 0.941391066528
11.51 0.913022642162
11.53 1.0099728442
11.55 0.946746901918
11.57 0.891922319006
11.59 1.08438870776
11.61 0.958163315894
11.63 0.999253501379
11.65 0.979253233314
11.67 0.977574992983
11.69 1.06701372393
11.71 0.897428745627
11.73 0.996788085139
11.75 0.989048359237
11.77 1.01753171701
11.790000000000001 1.02182818718
11.81 1.02210186278
11.83 0.98235995106
11.85 0.936760120252
11.870000000000001 0.989019510007
11.89 0.949533793555
11.91 1.07512609978
11.93 1.03959634662
11.950000000000001 1.02399194203
11.97 1.02228101147
11.99 1.0047835135
12.01 1.01493475122
12.030000000000001 1.06440164991
12.05 0.968353159015
12.07 0.970670498031
12.09 0.980810996404
12.11 1.04173430785
12.13 1.03611418986
12.15 1.00129199092
12.17 0.999646482304
12.19 0.953348500496
12.21 1.03707942778
12.23 1.00441872873
12.25 0.950611174987
12.27 1.00693130155
12.290000000000001 0.960998177496
12.31 0.974818601284
12.33 1.02506659697
12.35 0.981243752595
12.370000000000001 0.98922422856
12.39 0.945600719228
12.41 1.01464414146
12.43 0.961599327169
12.450000000000001 0.960054589294
12.47 1.01166018188
12.49 1.0214102885
12.51 1.02166931862
12.530000000000001 0.948258070157
12.55 1.01841300206
12.57 1.04315390545
12.59 0.977578214848
