0.01 0.0
0.03 0.0
0.05 0.0
0.07 0.0
0.09 0.0
0.11 0.0
0.13 0.0
0.15 0.0
0.17 0.0
0.19 0.0
0.21 0.0
0.23 0.0
0.25 0.0
0.27 0.0
0.29 0.202723403053
0.31 0.189644473824
0.33 0.0
0.35000000000000003 0.0
0.37 0.0
0.39 0.150743043296
0.41000000000000003 0.14338972411
0.43 0.273440869234
0.45 0.783863825137
0.47000000000000003 0.125084652947
0.49 0.359937470726
0.51 0.691644551592
0.53 0.776468883391
0.55 0.748233651267
0.5700000000000001 0.928259792926
0.59 0.697505946097
0.61 0.96376699812
0.63 1.11980546448
0.65 1.35668738966
0.67 1.66717306093
0.6900000000000001 1.19283625564
0.71 1.32484026784
0.73 1.04694141029
0.75 1.01902297268
0.77 1.83240894188
0.79 1.78601884208
0.81 1.01611977333
0.8300000000000001 1.20412816512
0.85 0.899137917069
0.87 1.48663828905
0.89 1.18900692577
0.91 1.35668738966
0.93 1.26429649216
0.9500000000000001 1.48521566868
0.97 1.33337660977
0.99 1.00952159298
1.01 1.51340045447
1.03 1.08447179691
1.05 1.00782491803
1.07 0.659324712732
1.09 1.13264727027
1.11 0.635565263625
1.1300000000000001 1.14457992166
1.1500000000000001 1.27803884533
1.17 1.05520130307
1.19 0.988063645131
1.21 0.825972212438
1.23 1.14711779288
1.25 0.752509272132
1.27 1.06469692784
1.29 1.27605738976
1.31 1.30145329746
1.33 0.751448403797
1.35 1.21934372799
1.37 1.11571858322
1.3900000000000001 1.60720280694
1.41 0.583728380421
1.43 1.19224043334
1.45 1.05416169587
1.47 0.95983325527
1.49 0.828580888987
1.51 1.01227447617
1.53 0.922192735456
1.55 0.834435684824
1.57 0.786360206746
1.59 1.07226655325
1.61 0.730307911619
1.6300000000000001 0.901683847934
1.6500000000000001 0.962014694487
1.67 1.16171435163
1.69 1.42626110195
1.71 1.06577976225
1.73 1.42726650242
1.75 1.17579573771
1.77 1.22893904788
1.79 1.05099060354
1.81 0.909455266734
1.83 0.96376699812
1.85 1.27113052725
1.87 1.16322038222
1.8900000000000001 1.15091117183
1.9100000000000001 1.01573977341
1.93 1.09659706107
1.95 0.874309651115
1.97 0.835590879588
1.99 0.974906013676
2.0100000000000002 1.0529514069
2.0300000000000002 1.47698479367
2.05 1.11843984806
2.07 1.07923280273
2.09 1.20955063927
2.11 1.08663587134
2.13 1.15923523436
2.15 1.09376347694
2.17 1.16495891063
2.19 0.912718152557
2.21 0.824653119206
2.23 1.23906725722
2.25 0.83612141348
2.27 1.16543630389
2.29 0.949878652732
2.31 0.941654595132
2.33 0.984035059453
2.35 1.12576187653
2.37 1.0170385073
2.39 1.22991185953
2.41 0.951369995239
2.43 1.04031310126
2.45 0.81585826698
2.47 0.880656726622
2.49 0.826362466259
2.5100000000000002 1.03057793743
2.5300000000000002 1.18509056567
2.5500000000000003 0.853028280296
2.57 1.09801936595
2.59 1.06684169251
2.61 0.968567370141
2.63 0.961201838809
2.65 0.887393009589
2.67 0.902764517714
2.69 1.20202166494
2.71 1.04129511826
2.73 1.14134018495
2.75 0.790989859911
2.77 1.27342498669
2.79 1.13786684294
2.81 0.920551823115
2.83 0.95559370909
2.85 1.03139976992
2.87 1.12663354658
2.89 0.93575439333
2.91 0.848512388035
2.93 1.02330345773
2.95 1.15586699639
2.97 1.28664516752
2.99 1.04209321235
3.0100000000000002 1.07423198628
3.0300000000000002 0.989531066386
3.0500000000000003 1.04086835797
3.0700000000000003 0.938338618039
3.09 0.970316870922
3.11 1.22872544937
3.13 0.882785937255
3.15 1.00782491803
3.17 1.0014664012
3.19 0.976758214709
3.21 1.04393079516
3.23 1.14667386185
3.25 1.03108241614
3.27 1.15062579837
3.29 0.76837715382
3.31 0.994630835522
3.33 1.02396625806
3.35 1.19334492782
3.37 0.959477234033
3.39 0.901790241308
3.41 0.98270318254
3.43 0.942693375712
3.45 0.886106932764
3.47 0.796288179714
3.49 0.656963234535
3.5100000000000002 0.870959805708
3.5300000000000002 1.06587715599
3.5500000000000003 1.02675120757
3.5700000000000003 1.11980546448
3.59 1.21182290516
3.61 1.09111238818
3.63 0.728799010975
3.65 1.12747536492
3.67 0.929102899005
3.69 0.908134919366
3.71 0.776468883391
3.73 1.02448690283
3.75 0.909282037159
3.77 0.998022907337
3.79 0.806614490247
3.81 0.910393025258
3.83 1.120536408
3.85 1.02309499255
3.87 1.01780767993
3.89 1.10325307008
3.91 1.09760983187
3.93 1.01722786468
3.95 0.669757065782
3.97 1.14025531238
3.99 1.06086833477
4.01 1.34879311557
4.03 1.10869077005
4.05 1.01611977333
4.07 1.34335385266
4.09 0.948686047538
4.11 1.04419816122
4.13 0.92526298972
4.15 1.00580117322
4.17 1.07146853796
4.19 1.12247803122
4.21 0.893716475216
4.23 1.08406699221
4.25 1.18962862874
4.2700000000000005 0.853622198335
4.29 0.781123042532
4.3100000000000005 0.900261237687
4.33 0.97756689509
4.3500000000000005 1.14876595063
4.37 0.941712833403
4.39 0.816896810935
4.41 0.973164272704
4.43 0.862604096511
4.45 0.924783164488
4.47 0.933797509811
4.49 0.995105524116
4.51 1.30354294646
4.53 1.11609749937
4.55 0.981983253469
4.57 0.97768573376
4.59 0.935000967893
4.61 1.19875053519
4.63 0.939620783912
4.65 1.04936608849
4.67 1.09522729315
4.69 1.15323249327
4.71 1.02351645957
4.73 0.932184781479
4.75 0.915882995687
4.7700000000000005 0.985992232877
4.79 0.945055029263
4.8100000000000005 1.28335293617
4.83 1.01025927774
4.8500000000000005 0.896998810209
4.87 0.977817810618
4.89 0.745391980959
4.91 0.933931441355
4.93 1.0016921092
4.95 0.90263107137
4.97 1.06460378666
4.99 0.942521633432
5.01 0.90355560682
5.03 1.01684124434
5.05 0.826549478981
5.07 1.10158377793
5.09 1.09725535444
5.11 0.908883202336
5.13 0.951179787813
5.15 0.970316870922
5.17 0.977934559407
5.19 1.00814856123
5.21 1.1171187911
5.23 1.00043805598
5.25 1.03022102732
5.2700000000000005 1.09324461381
5.29 1.05577122006
5.3100000000000005 0.874650313359
5.33 0.926518217329
5.3500000000000005 1.08788577601
5.37 1.05099060354
5.39 1.04709082393
5.41 0.869349898489
5.43 1.01772375087
5.45 0.927692049933
5.47 0.956543150419
5.49 0.995892564724
5.51 1.04562597364
5.53 1.00995113094
5.55 0.974533404225
5.57 1.12935497248
5.59 1.07272956392
5.61 0.744041866106
5.63 0.960685682673
5.65 0.967690297404
5.67 1.03685691156
5.69 0.940223305195
5.71 1.06048126956
5.73 0.954179787144
5.75 1.0940012516
5.7700000000000005 0.927187280167
5.79 0.923984560719
5.8100000000000005 1.06246602805
5.83 1.0689052161
5.8500000000000005 1.19589481015
5.87 1.05160606865
5.89 0.998128809598
5.91 1.03454108901
5.93 1.06079379371
5.95 1.10663128255
5.97 0.935515871709
5.99 0.873504346042
6.01 1.03689141595
6.03 0.984704556454
6.05 0.962014694487
6.07 1.05569798525
6.09 1.07153798756
6.11 0.991055327199
6.13 1.01659337844
6.15 0.869897659604
6.17 1.06717279273
6.19 1.04472965386
6.21 1.16443539241
6.23 1.16069723706
6.25 0.950042956066
6.2700000000000005 1.10641066228
6.29 1.0094271834
6.3100000000000005 0.857156956172
6.33 1.02162346878
6.3500000000000005 0.879532244741
6.37 0.91368742569
6.390000000000001 0.929228243414
6.41 0.898814214471
6.43 0.960019848049
6.45 1.01173121617
6.47 1.09946896648
6.49 1.04172965975
6.51 1.12883615371
6.53 1.17939694977
6.55 1.11296695783
6.57 1.10063071338
6.59 0.936711323666
6.61 0.987241504428
6.63 1.02859958955
6.65 0.954781501295
6.67 1.11938574729
6.69 1.03694990321
6.71 1.0689052161
6.73 0.978373867928
6.75 0.966765384336
6.7700000000000005 1.02469643316
6.79 0.978386733143
6.8100000000000005 1.12227199634
6.83 1.07594778341
6.8500000000000005 0.969816922341
6.87 1.09535556351
6.890000000000001 0.998317135788
6.91 0.842284935115
6.93 0.933171220402
6.95 0.86281413846
6.97 0.936250551545
6.99 1.10178284435
7.01 1.03154690255
7.03 1.10387651051
7.05 0.925626431811
7.07 0.881431033924
7.09 1.15257833245
7.11 1.09145595905
7.13 0.972958604834
7.15 1.02779347702
7.17 0.926533600842
7.19 1.13654803575
7.21 0.937701177782
7.23 1.19531101966
7.25 0.981181270775
7.2700000000000005 1.01891515097
7.29 1.02418421597
7.3100000000000005 0.884661635757
7.33 1.0346360857
7.3500000000000005 0.863849929743
7.37 1.02902069311
7.390000000000001 0.962593262939
7.41 1.06313514745
7.43 1.09983585156
7.45 0.868037121796
7.47 0.928674009701
7.49 0.879099616976
7.51 0.915899476109
7.53 1.03057793743
7.55 1.09792847031
7.57 0.986301576543
7.59 0.952719866521
7.61 1.04292000388
7.63 1.06330151903
7.65 0.82997346191
7.67 0.950447662813
7.69 1.15438983351
7.71 1.00651775212
7.73 0.996308160669
7.75 1.00132282179
7.7700000000000005 1.08954045193
7.79 0.882978827417
7.8100000000000005 0.873190176529
7.83 0.968567370141
7.8500000000000005 0.838784220529
7.87 1.07569622763
7.890000000000001 1.08042067153
7.91 1.04795953866
7.930000000000001 0.882217482894
7.95 0.983527252295
7.97 1.0031883333
7.99 1.06689851043
8.01 0.96148090911
8.03 1.03229887308
8.05 0.920187968639
8.07 0.961617331953
8.09 1.21358398144
8.11 1.01486685129
8.13 1.02683268607
8.15 0.937751201851
8.17 0.928259792926
8.19 1.01213186213
8.21 0.80916515445
8.23 0.985782574747
8.25 1.09740935519
8.27 1.20849622376
8.290000000000001 0.921914631494
8.31 0.976292489792
8.33 0.938660462874
8.35 0.873045936979
8.370000000000001 0.934174630316
8.39 1.00201901366
8.41 1.06954071266
8.43 1.01818610738
8.45 1.01577619944
8.47 0.881499756131
8.49 1.0802363668
8.51 0.86353976036
8.53 1.03381805777
8.55 1.07265576071
8.57 0.912373588768
8.59 1.0197529972
8.61 0.969587658271
8.63 0.974152899722
8.65 1.01947607316
8.67 1.07137097207
8.69 0.832122415062
8.71 1.09344953794
8.73 0.989931119374
8.75 1.08845091148
8.77 1.18652135447
8.790000000000001 1.02999171562
8.81 1.0009611842
8.83 1.04529972152
8.85 1.02965163471
8.870000000000001 1.10023727429
8.89 1.04485785465
8.91 0.936941609171
8.93 1.05992784866
8.950000000000001 0.834223791557
8.97 0.996214894823
8.99 1.14440630756
9.01 1.05051672459
9.03 0.937511551659
9.05 0.928943593878
9.07 1.03708554594
9.09 1.05420629948
9.11 1.02607860755
9.13 0.901486326828
9.15 0.905940978232
9.17 0.968076098111
9.19 0.965969294851
9.21 0.995787921184
9.23 0.917197108503
9.25 0.991481811255
9.27 1.04007821458
9.290000000000001 1.05682394078
9.31 0.940889177863
9.33 1.00188382795
9.35 0.905425594811
9.370000000000001 1.1419147506
9.39 0.95791665532
9.41 1.11207035766
9.43 0.810463658016
9.450000000000001 0.908286654524
9.47 0.887744405976
9.49 0.960212536061
9.51 1.10655855441
9.53 0.894493084823
9.55 0.972647783024
9.57 0.939899414154
9.59 1.06054568625
9.61 0.942104805446
9.63 0.94625305994
9.65 1.05395161981
9.67 1.01529414786
9.69 1.09207034462
9.71 0.980838874914
9.73 0.918401603964
9.75 1.18785518117
9.77 1.04100646174
9.790000000000001 0.870737395135
9.81 1.01878325897
9.83 0.956903957441
9.85 1.05045710577
9.870000000000001 0.851766922452
9.89 1.06404164332
9.91 0.895787872823
9.93 0.988710413882
9.950000000000001 1.01626566274
9.97 0.878603635497
9.99 0.982772213198
10.01 1.11589006076
10.03 0.902654753772
10.05 0.912557885981
10.07 0.916583569115
10.09 0.97303215162
10.11 0.918772139256
10.13 0.911154643731
10.15 1.05416169587
10.17 0.982720134759
10.19 1.03271558905
10.21 1.06524099645
10.23 0.994196787014
10.25 0.906223056378
10.27 0.789969872461
10.290000000000001 0.971259841642
10.31 1.04920667186
10.33 0.973190083
10.35 1.02811124891
10.370000000000001 0.975105433392
10.39 1.02981147383
10.41 0.954416328878
10.43 0.901856749918
10.450000000000001 1.01827286375
10.47 0.993867457373
10.49 1.02559876073
10.51 0.990084898068
10.53 0.854210578675
10.55 1.18136822935
10.57 1.05677005754
10.59 1.02701705135
10.61 0.875474677462
10.63 1.10058020604
10.65 0.982589865313
10.67 1.03584629189
10.69 0.967914171358
10.71 1.01002061502
10.73 0.953347895437
10.75 1.05001293786
10.77 0.900679186265
10.790000000000001 0.980737872044
10.81 1.00067722358
10.83 0.955401892134
10.85 1.0024065045
10.870000000000001 0.903210157299
10.89 1.0689052161
10.91 0.959173424893
10.93 1.07575090367
10.950000000000001 0.993252107195
10.97 0.932490694443
10.99 0.989636994884
11.01 1.11065174134
11.03 1.07132793871
11.05 0.936380316001
11.07 0.918756380412
11.09 0.954207541871
11.11 1.10065487598
11.13 0.919085617075
11.15 1.00179905903
11.17 0.978952583766
11.19 0.992964228894
11.21 0.985948254633
11.23 0.973722204868
11.25 0.945862348999
11.27 0.95983325527
11.290000000000001 0.984169151578
11.31 0.852477900017
11.33 0.876917386021
11.35 1.04630281505
11.370000000000001 0.925538421501
11.39 1.01165919487
11.41 0.984123514031
11.43 0.925823415516
11.450000000000001 0.919071777508
11.47 1.09173710607
11.49 1.05402054816
11.51 1.06751220322
11.53 1.04526507472
11.55 0.962014694487
11.57 1.04673259277
11.59 1.01449157697
11.61 1.03299883933
11.63 1.03122240108
11.65 0.989081393092
11.67 1.13851686684
11.69 1.02090049082
11.71 0.868542538954
11.73 0.907156984334
11.75 1.05571447088
11.77 0.978997300724
11.790000000000001 0.97235016477
11.81 0.945813675547
11.83 0.924336463285
11.85 0.952543382445
11.870000000000001 0.881599163065
11.89 0.983950175793
11.91 1.00204254725
11.93 0.837742143378
11.950000000000001 0.95933125043
11.97 0.938082647877
11.99 0.887485523456
12.01 0.964328727427
12.030000000000001 0.943177794585
12.05 0.941612354262
12.07 0.969276519484
12.09 0.93363433267
12.11 0.946656353644
12.13 1.07595487952
12.15 0.890314468057
12.17 1.01444989695
12.19 0.964557619119
12.21 0.934088341994
12.23 1.05754318191
12.25 1.04621824824
12.27 1.08284367042
12.290000000000001 1.02367895797
12.31 0.964706494787
12.33 1.02512604869
12.35 0.923499486295
12.370000000000001 0.95527462926
12.39 1.01541681949
12.41 0.937983706953
12.43 1.01214918692
12.450000000000001 1.00107910198
12.47 0.957043042319
12.49 1.02140782659
12.51 0.977480069716
12.530000000000001 0.961844079129
12.55 0.950942369539
12.57 1.00087624451
12.59 0.999286290187
