0.01 0.0
0.03 0.782937486851
0.05 0.939524984221
0.07 0.0
0.09 0.0
0.11 0.213528405505
0.13 0.361355763162
0.15 0.0
0.17 0.552661755424
0.19 0.37086512535
0.21 0.335544637222
0.23 0.306366842681
0.25 0.0939524984221
0.27 0.434965270473
0.29 0.404967665613
0.31 0.303072575555
0.33 0.355880675841
0.35000000000000003 0.603980346999
0.37 0.698295596381
0.39 1.02384132896
0.41000000000000003 0.85932163191
0.43 0.819353183914
0.45 0.782937486851
0.47000000000000003 1.24936833008
0.49 1.62978823793
0.51 1.28954409599
0.53 1.41815091958
0.55 1.15305338973
0.5700000000000001 1.03018090375
0.59 1.07488027856
0.61 0.808607568387
0.63 1.04391664913
0.65 0.867253831589
0.67 1.43733299825
0.6900000000000001 1.15738585013
0.71 1.52176581951
0.73 1.31919603949
0.75 1.59719247318
0.77 1.31167449096
0.79 1.27846754182
0.81 1.71086339719
0.8300000000000001 1.13195781231
0.85 1.38165438856
0.87 1.24190084121
0.89 0.765343386023
0.91 0.980822785725
0.93 0.808193534814
0.9500000000000001 0.766454592391
0.97 0.992797019409
0.99 0.83038824363
1.01 0.999989463404
1.03 0.82094416097
1.05 1.05137319663
1.07 1.00976984285
1.09 1.05588817034
1.11 0.994542213027
1.1300000000000001 1.03929754892
1.1500000000000001 1.06207172129
1.17 0.863238767554
1.19 0.8092547133
1.21 1.10646537398
1.23 0.897513704439
1.25 0.958315483906
1.27 0.961718487786
1.29 1.11067876042
1.31 1.05786210055
1.33 1.00663391167
1.35 1.11351109241
1.37 0.720073893016
1.3900000000000001 1.04767174499
1.41 0.999494664065
1.43 0.903389407905
1.45 0.793736624601
1.47 0.958698963491
1.49 0.993122047079
1.51 1.07329840913
1.53 1.04391664913
1.55 1.27290481733
1.57 1.01732004661
1.59 1.06361318968
1.61 1.32758965162
1.6300000000000001 1.34011999283
1.6500000000000001 1.01070111939
1.67 0.970467423821
1.69 1.02847409515
1.71 0.906559195301
1.73 0.977540446011
1.75 1.12742998107
1.77 1.02179977098
1.79 1.04974858572
1.81 1.11601034037
1.83 0.911287894532
1.85 1.00300640207
1.87 0.816432138695
1.8900000000000001 0.832647803476
1.9100000000000001 0.799334083434
1.93 0.791050828684
1.95 0.975660560537
1.97 1.23998221268
1.99 1.10948930297
2.0100000000000002 0.876422559908
2.0300000000000002 0.890928864348
2.05 1.05410120181
2.07 0.987182048638
2.09 1.022688679
2.11 1.06865401049
2.13 0.915264949417
2.15 1.00507323893
2.17 0.941689788332
2.19 0.997440907906
2.21 0.956529961311
2.23 1.01114796508
2.25 1.05435581563
2.27 1.21062140037
2.29 0.871829952607
2.31 1.2506663751
2.33 1.03831623793
2.35 1.06945929055
2.37 1.10007672203
2.39 0.835351711912
2.41 1.15004095579
2.43 1.08258022873
2.45 0.891590036047
2.47 0.988973667601
2.49 0.981030104006
2.5100000000000002 0.926424038226
2.5300000000000002 0.984087434066
2.5500000000000003 0.939524984221
2.57 1.07844307527
2.59 0.97035881575
2.61 1.15190802663
2.63 0.78591443547
2.65 1.20542828164
2.67 0.906096192648
2.69 0.864432838642
2.71 1.17007262795
2.73 1.14429325001
2.75 0.999312937763
2.77 1.09385129029
2.79 0.900799044011
2.81 0.969616531759
2.83 1.05406071551
2.85 1.00545656206
2.87 1.02300194275
2.89 0.902139041943
2.91 1.12194134714
2.93 0.978003823165
2.95 0.899714603534
2.97 0.988557432893
2.99 1.02122280894
3.0100000000000002 1.01443727532
3.0300000000000002 1.19378587104
3.0500000000000003 1.04733932667
3.0700000000000003 0.810990621559
3.09 1.03378153604
3.11 1.08000058476
3.13 0.885494793435
3.15 1.19304759901
3.17 1.02251141816
3.19 1.09709422139
3.21 0.987818324532
3.23 0.865351959151
3.25 0.990114791064
3.27 0.984059043106
3.29 1.02091240687
3.31 0.979263201077
3.33 1.06507712175
3.35 0.974581886618
3.37 1.18486088515
3.39 0.852223990112
3.41 1.15029818449
3.43 0.869676916881
3.45 0.95314128834
3.47 1.00856788652
3.49 0.922026667896
3.5100000000000002 1.01714955557
3.5300000000000002 0.998078949244
3.5500000000000003 0.985839596119
3.5700000000000003 0.940840845544
3.59 0.968312657832
3.61 1.00849288472
3.63 0.938230872673
3.65 0.926654778958
3.67 0.985605228679
3.69 1.2094156301
3.71 0.955985664538
3.73 1.0012364108
3.75 0.952051984011
3.77 1.09029756126
3.79 1.01637267422
3.81 1.0541914193
3.83 0.944431119909
3.85 0.982230665322
3.87 1.05605521482
3.89 1.00232099859
3.91 1.03323719492
3.93 1.02797899037
3.95 0.987095869498
3.97 0.993955902703
3.99 1.0713881399
4.01 1.14219059802
4.03 0.94418763923
4.05 1.07291433383
4.07 1.12535240739
4.09 1.00499310659
4.11 1.08011083952
4.13 0.944074742014
4.15 0.860287937359
4.17 1.04767174499
4.19 1.02024789456
4.21 0.948451587397
4.23 0.960625427129
4.25 1.00031777732
4.2700000000000005 1.03413757045
4.29 0.925289757188
4.3100000000000005 1.02998968688
4.33 1.04693026533
4.3500000000000005 0.961123259721
4.37 0.99972338138
4.39 1.04332216357
4.41 0.990655595607
4.43 0.970276930657
4.45 0.987029056457
4.47 0.998376661085
4.49 0.999160757162
4.51 1.03639396818
4.53 0.959228046804
4.55 1.02728281242
4.57 1.03820594536
4.59 0.828992633136
4.61 1.00881749933
4.63 1.00445975635
4.65 1.07590764322
4.67 0.980767515648
4.69 0.986601396011
4.71 1.04724122445
4.73 1.02295003567
4.75 1.02358774597
4.7700000000000005 0.945433946386
4.79 1.02975076559
4.8100000000000005 0.986403569713
4.83 0.996907980152
4.8500000000000005 1.01216866857
4.87 0.950135635994
4.89 1.13838149929
4.91 0.990232544469
4.93 1.00527267581
4.95 1.03442649778
4.97 1.06807166214
4.99 0.99789226781
5.01 1.05954414388
5.03 1.07400967381
5.05 1.03254725989
5.07 1.04700515993
5.09 0.839850427938
5.11 0.965265394748
5.13 1.06223097631
5.15 0.91672097975
5.17 1.01312413676
5.19 0.973014795798
5.21 0.901655455107
5.23 0.947608851198
5.25 1.14532569505
5.2700000000000005 1.04292621588
5.29 1.03010300727
5.3100000000000005 0.973142639024
5.33 0.978304627097
5.3500000000000005 1.00976984285
5.37 1.09786206257
5.39 0.928194905562
5.41 1.02027898009
5.43 0.990567317618
5.45 0.909356750783
5.47 1.15937726572
5.49 0.971184751449
5.51 1.0017621202
5.53 1.02787091402
5.55 0.909900322557
5.57 1.03314013076
5.59 1.00843468789
5.61 1.02577371272
5.63 1.06384933826
5.65 0.889638701873
5.67 1.03977412275
5.69 0.928792273505
5.71 1.0119227063
5.73 1.03708473389
5.75 1.08249617747
5.7700000000000005 1.17237086419
5.79 1.01416772908
5.8100000000000005 0.893438130434
5.83 1.12404575728
5.8500000000000005 0.951570176327
5.87 1.05636539964
5.89 0.949095697133
5.91 0.945883867363
5.93 0.974380885828
5.95 1.03031941547
5.97 1.05834263298
5.99 1.07441504873
6.01 0.984859800432
6.03 0.989383689852
6.05 1.05987735823
6.07 0.886125294014
6.09 0.987349737113
6.11 1.05331360751
6.13 1.03455034967
6.15 1.00827071477
6.17 0.951706831667
6.19 1.07005672678
6.21 0.922882834742
6.23 0.953851609181
6.25 1.02971938271
6.2700000000000005 0.947766431451
6.29 1.03063948985
6.3100000000000005 0.923146577206
6.33 0.953625280193
6.3500000000000005 1.1392665163
6.37 1.07669268207
6.390000000000001 0.966725629304
6.41 1.02966661687
6.43 1.03376971436
6.45 1.06697992394
6.47 0.911208543429
6.49 1.05678465097
6.51 0.966945836295
6.53 1.02513254404
6.55 0.964626796777
6.57 0.915214596502
6.59 1.01579901557
6.61 1.04115287586
6.63 0.86441966874
6.65 0.996037765227
6.67 0.961358023585
6.69 0.944440286829
6.71 0.987131317252
6.73 0.865535646682
6.75 1.0091194275
6.7700000000000005 0.978382738369
6.79 1.07927759601
6.8100000000000005 0.94849255015
6.83 0.983543724331
6.8500000000000005 1.13840253563
6.87 0.960722418363
6.890000000000001 1.07724925622
6.91 1.02314406748
6.93 0.925289757188
6.95 1.01725546853
6.97 0.916609740704
6.99 1.09880067897
7.01 1.02865253265
7.03 0.965585776813
7.05 1.07279093943
7.07 0.943511653178
7.09 1.05348711207
7.11 1.06373785133
7.13 0.991574404806
7.15 0.97894561293
7.17 0.874662380708
7.19 0.963699131938
7.21 0.892613889309
7.23 0.958367463158
7.25 0.975162138795
7.2700000000000005 0.904632034326
7.29 0.989143244705
7.3100000000000005 1.00571586888
7.33 0.836343863853
7.3500000000000005 0.987459932396
7.37 1.09632494767
7.390000000000001 1.06157423792
7.41 1.06187877771
7.43 0.885151398324
7.45 1.00573312069
7.47 0.996751740288
7.49 1.06621660426
7.51 0.947656691808
7.53 1.06055277103
7.55 0.995523162089
7.57 1.00530414428
7.59 0.959330517485
7.61 0.966068725563
7.63 1.01894747633
7.65 1.03777596296
7.67 0.989134843232
7.69 0.916311753142
7.71 0.974863796857
7.73 1.01488145126
7.75 1.05166183718
7.7700000000000005 1.07313825418
7.79 1.02515563105
7.8100000000000005 0.989448526917
7.83 1.12491018226
7.8500000000000005 0.990390986552
7.87 1.06547147194
7.890000000000001 0.922854071954
7.91 0.953184323436
7.930000000000001 0.89450361045
7.95 0.966115313963
7.97 0.978426269641
7.99 0.911303958412
8.01 1.02339019817
8.03 1.02084128111
8.05 1.06498950075
8.07 1.06817121812
8.09 0.984236618205
8.11 1.11793046828
8.13 0.964948784532
8.15 1.01733840316
8.17 0.942974892364
8.19 1.12135002696
8.21 0.904049619409
8.23 1.03598897106
8.25 1.08757134537
8.27 1.01961750101
8.290000000000001 1.15882303542
8.31 0.96100630155
8.33 0.978436883328
8.35 0.922647289894
8.370000000000001 0.999017008312
8.39 0.898651728054
8.41 0.918857668873
8.43 0.969616531759
8.45 1.00901647714
8.47 1.0482303543
8.49 1.07619322398
8.51 1.01570268564
8.53 1.06563941645
8.55 0.947766431451
8.57 0.934591655833
8.59 0.973431008099
8.61 1.0011779013
8.63 0.996135991382
8.65 0.985686616394
8.67 0.961739819488
8.69 1.00547552972
8.71 0.970806527898
8.73 0.982034992098
8.75 1.03616183974
8.77 1.01505122298
8.790000000000001 0.844396743498
8.81 0.997112213674
8.83 0.941653013631
8.85 0.950141085738
8.870000000000001 0.974479126813
8.89 1.04362308427
8.91 0.922653604033
8.93 0.94425943263
8.950000000000001 1.0366267284
8.97 0.987182048638
8.99 1.08165557138
9.01 0.985406337502
9.03 1.03264512385
9.05 0.981050950375
9.07 0.9374532643
9.09 0.935390660858
9.11 1.02357689005
9.13 0.967309403251
9.15 0.980597114679
9.17 1.09116042333
9.19 0.98399651503
9.21 0.984409999754
9.23 1.07134349501
9.25 0.952221267792
9.27 1.04391664913
9.290000000000001 0.950649607285
9.31 1.02429415573
9.33 1.01958097162
9.35 1.04000893975
9.370000000000001 0.93501285783
9.39 1.02807446356
9.41 0.958495201756
9.43 1.01624123426
9.450000000000001 0.959409110871
9.47 1.04915276749
9.49 0.992490828959
9.51 0.941006884827
9.53 1.05979995597
9.55 0.996093242433
9.57 0.979285445936
9.59 0.989489295165
9.61 1.04853334607
9.63 1.00976984285
9.65 0.95169499697
9.67 0.966729430507
9.69 1.07381209497
9.71 0.974841834812
9.73 1.07181164695
9.75 1.0166142137
9.77 1.02895776163
9.790000000000001 0.998065356067
9.81 1.01039638976
9.83 0.960551993024
9.85 0.932371240687
9.870000000000001 1.00187441327
9.89 1.05447192365
9.91 0.891174051633
9.93 0.998186161484
9.950000000000001 0.98201606391
9.97 0.99182552246
9.99 0.966328249537
10.01 1.06294909554
10.03 1.06551313016
10.05 1.11013524255
10.07 0.96564881695
10.09 1.03124273541
10.11 0.926979398379
10.13 1.02485203116
10.15 0.932582681382
10.17 0.935367794026
10.19 1.00498747085
10.21 1.01912235066
10.23 1.06534602316
10.25 1.035769007
10.27 1.01774249751
10.290000000000001 0.913046631896
10.31 0.956839217684
10.33 0.959534228803
10.35 0.95541067236
10.370000000000001 0.915062906522
10.39 1.03989772075
10.41 1.04241244647
10.43 1.07644521203
10.450000000000001 0.953010988779
10.47 0.991571258419
10.49 1.03894087864
10.51 0.983327766549
10.53 1.03945546687
10.55 1.0285794851
10.57 1.03774401048
10.59 0.986989183141
10.61 0.956349654061
10.63 0.901519740269
10.65 0.957168645897
10.67 0.999400990713
10.69 0.995333998719
10.71 0.978123583013
10.73 0.9544102822
10.75 0.954819576988
10.77 1.03373918877
10.790000000000001 1.01223150524
10.81 0.990803406117
10.83 1.0735569418
10.85 0.952513808888
10.870000000000001 0.955082895643
10.89 0.98136792429
10.91 1.00109788649
10.93 1.04224523638
10.950000000000001 1.00816607896
10.97 0.995622419469
10.99 0.980987187802
11.01 0.947205024964
11.03 0.968911758433
11.05 0.986288671219
11.07 1.07786515805
11.09 0.953079898331
11.11 1.03804403072
11.13 1.01296494256
11.15 0.994295498996
11.17 0.992515202669
11.19 1.10198976031
11.21 1.01621234912
11.23 1.01021942872
11.25 0.937437150923
11.27 0.97120373258
11.290000000000001 1.02773547875
11.31 0.992689970066
11.33 1.04483802305
11.35 0.982983188337
11.370000000000001 1.02050427046
11.39 0.993966291472
11.41 0.916057445176
11.43 0.992542798291
11.450000000000001 1.00927138043
11.47 0.931743391065
11.49 0.985315583974
11.51 0.969318782591
11.53 1.00838002426
11.55 1.02696995029
11.57 0.962261976061
11.59 1.0538243999
11.61 0.95692359504
11.63 0.969415288964
11.65 1.01815475758
11.67 1.11100640808
11.69 1.04280039951
11.71 1.04101935698
11.73 1.07929234121
11.75 0.969509824143
11.77 0.955888843335
11.790000000000001 0.936337452468
11.81 0.95861778661
11.83 0.956997131011
11.85 0.967274667299
11.870000000000001 1.02105074107
11.89 0.997603273826
11.91 1.07875769599
11.93 1.05529210298
11.950000000000001 0.992594387096
11.97 1.02821865441
11.99 0.971652193857
12.01 1.0502183941
12.030000000000001 0.956706654756
12.05 0.994103199072
12.07 1.06056569263
12.09 1.0374407394
12.11 1.09197474425
12.13 0.985610504882
12.15 1.00331989056
12.17 1.03448108369
12.19 0.982686099165
12.21 1.03686315826
12.23 1.00059794926
12.25 0.983625136542
12.27 1.05476419378
12.290000000000001 1.03584731784
12.31 0.992187229478
12.33 1.03439186219
12.35 1.01369800929
12.370000000000001 1.0006662625
12.39 0.99336378477
12.41 1.03340177555
12.43 0.973160432168
12.450000000000001 1.01498883838
12.47 0.992641673385
12.49 1.03430492658
12.51 0.991345307092
12.530000000000001 0.903533604139
12.55 1.00690127791
12.57 0.969796075598
12.59 0.96452425902
