0.01 0.0
0.03 0.787734423698
0.05 0.0
0.07 0.337600467299
0.09 0.262578141233
0.11 0.644509983025
0.13 0.181784867007
0.15 0.0
0.17 0.556047828492
0.19 0.373137358594
0.21 0.1125334891
0.23 0.410991873233
0.25 0.0945281308437
0.27 0.262578141233
0.29 0.244469303906
0.31 0.533626545085
0.33 0.572897762689
0.35000000000000003 0.405120560759
0.37 0.383222152069
0.39 0.545354601021
0.41000000000000003 0.864586562595
0.43 1.15412252774
0.45 0.840250051944
0.47000000000000003 1.05589933389
0.49 0.916344125526
0.51 1.48279420931
0.53 0.847186078316
0.55 1.33198729825
0.5700000000000001 1.2023314888
0.59 0.761031561877
0.61 0.891043856314
0.63 1.125334891
0.65 1.30885104245
0.67 1.16396579024
0.6900000000000001 1.30147426524
0.71 1.56437399636
0.73 1.45676913971
0.75 1.13433757012
0.77 1.13556520819
0.79 1.34612844556
0.81 1.42959210227
0.8300000000000001 1.53750574264
0.85 1.08429326556
0.87 1.0322037276
0.89 1.03556098396
0.91 0.805047268174
0.93 0.914788363004
0.9500000000000001 0.920405484531
0.97 1.0719684941
0.99 0.859346644034
1.01 0.818931826616
1.03 0.734199074514
1.05 0.810241121517
1.07 0.993870534572
1.09 1.17076125357
1.11 0.872894901935
1.1300000000000001 0.815618828076
1.1500000000000001 0.86308293379
1.17 1.03011424637
1.19 0.794354040703
1.21 0.976530277311
1.23 1.05671690984
1.25 1.07762069162
1.27 1.02343448748
1.29 0.897650854911
1.31 0.829827102826
1.33 1.08387518449
1.35 0.822744842529
1.37 0.94873124022
1.3900000000000001 0.918078968626
1.41 1.08941994767
1.43 0.892398438035
1.45 0.798599726093
1.47 0.932420338254
1.49 0.951625478292
1.51 0.907720461744
1.53 0.818625969725
1.55 1.14348545375
1.57 1.09881425981
1.59 1.05526686948
1.61 1.05683624546
1.6300000000000001 1.44981795773
1.6500000000000001 0.887991532168
1.67 1.01886608095
1.69 1.34241132559
1.71 0.99503295625
1.73 1.14745129926
1.75 0.796737102825
1.77 0.934600163709
1.79 1.0693824858
1.81 0.979227874762
1.83 0.99435328893
1.85 0.817540591081
1.87 0.998358601157
1.8900000000000001 1.08782372796
1.9100000000000001 0.75474031171
1.93 0.771408321652
1.95 1.15130415771
1.97 1.21159152477
1.99 0.843152925867
2.0100000000000002 1.0699079486
2.0300000000000002 0.989518611049
2.05 0.795419637587
2.07 0.799150864621
2.09 1.09679769041
2.11 0.952001317739
2.13 1.03182114653
2.15 0.912306379073
2.17 1.12170477844
2.19 0.928015896411
2.21 0.973083699862
2.23 1.00674578813
2.25 1.00830006233
2.27 1.03064812264
2.29 0.949409174413
2.31 0.961649815942
2.33 1.11567536404
2.35 1.0257307815
2.37 0.967218216439
2.39 0.93934858056
2.41 1.05902885178
2.43 0.904435819801
2.45 0.954927036074
2.47 0.99503295625
2.49 0.987040723669
2.5100000000000002 0.950930399922
2.5300000000000002 1.05550185626
2.5500000000000003 0.945281308437
2.57 1.11263655954
2.59 1.06754742362
2.61 1.25856419418
2.63 0.934498631915
2.65 0.900692567473
2.67 1.0621138297
2.69 0.887299369444
2.71 1.02027595099
2.73 0.943550023989
2.75 1.08277677148
2.77 1.0493646294
2.79 0.83855599942
2.81 1.03442705461
2.83 1.04381769925
2.85 1.11112013448
2.87 0.90575735129
2.89 0.948552178016
2.91 1.06384752066
2.93 0.9759303611
2.95 0.985335601167
2.97 0.907088124258
2.99 0.908924335036
3.0100000000000002 1.05205727019
3.0300000000000002 1.0763104007
3.0500000000000003 0.891043856314
3.0700000000000003 0.977611776641
3.09 1.08600279772
3.11 1.05622268386
3.13 1.04192348694
3.15 1.07281926275
3.17 1.03623108732
3.19 1.06677514432
3.21 0.949698510813
3.23 1.14867775096
3.25 0.879838756314
3.27 1.01176898457
3.29 1.07026531122
3.31 0.963844234434
3.33 0.965152086692
3.35 1.02287902779
3.37 1.05187089218
3.39 0.899272041212
3.41 1.07418330504
3.43 0.875005292795
3.45 1.0548791413
3.47 1.00112645778
3.49 0.961532563023
3.5100000000000002 0.881993243627
3.5300000000000002 1.104613427
3.5500000000000003 1.19158700148
3.5700000000000003 0.999562167885
3.59 0.993993576421
3.61 0.99503295625
3.63 0.885387451429
3.65 0.938806778927
3.67 0.991643879423
3.69 1.03750387511
3.71 1.03191086231
3.73 1.10240581547
3.75 0.932677557658
3.77 0.996682546694
3.79 0.935304724707
3.81 1.01102922097
3.83 0.968728233842
3.85 0.963695879381
3.87 0.964822007319
3.89 0.972011628213
3.91 0.797807753924
3.93 1.0823831776
3.95 0.993143653168
3.97 0.994093063659
3.99 0.989110141034
4.01 1.03132312329
4.03 1.06725309017
4.05 1.14950875162
4.07 0.958055380173
4.09 0.982260528327
4.11 0.983230558046
4.13 0.938414858255
4.15 1.03069829414
4.17 1.06542497594
4.19 0.930617039929
4.21 1.04407555445
4.23 0.944163954645
4.25 0.895237003873
4.2700000000000005 1.13455894748
4.29 1.05765740804
4.3100000000000005 0.860842026825
4.33 1.01514043516
4.3500000000000005 1.16258735635
4.37 0.973401805027
4.39 0.855921002514
4.41 1.05567130251
4.43 0.949548944141
4.45 1.05680326056
4.47 1.08908249182
4.49 1.00528246053
4.51 0.93270550389
4.53 1.06422398963
4.55 1.00241369521
4.57 1.0187112569
4.59 0.998826654884
4.61 1.0355033856
4.63 1.13821669428
4.65 1.02151367202
4.67 0.9665349567
4.69 0.917063955946
4.71 1.02355300914
4.73 0.984251679504
4.75 1.01990878016
4.7700000000000005 1.17912448327
4.79 1.06072798181
4.8100000000000005 1.0022733208
4.83 1.05683624546
4.8500000000000005 0.955026476565
4.87 0.921988955868
4.89 1.03420347651
4.91 0.962608257064
4.93 0.939529089522
4.95 1.04076426889
4.97 1.21250872058
4.99 1.04662910403
5.01 1.06131883432
5.03 0.958436316706
5.05 1.06695117982
5.07 0.92756893678
5.09 0.998209633173
5.11 1.01742606583
5.13 1.06873910116
5.15 0.954458796868
5.17 0.91876955027
5.19 1.060937114
5.21 0.993361835642
5.23 1.00763734121
5.25 0.990294704077
5.2700000000000005 0.96859944318
5.29 0.987273956354
5.3100000000000005 0.863392532188
5.33 1.02420254338
5.3500000000000005 1.00270493932
5.37 0.910955450868
5.39 0.911959703872
5.41 0.904220105575
5.43 1.04450973308
5.45 0.923600544482
5.47 0.941825069649
5.49 1.05892168431
5.51 1.01218869687
5.53 0.991434283713
5.55 0.987861547556
5.57 1.0012854075
5.59 1.03575098644
5.61 1.04890840375
5.63 1.06616985943
5.65 0.924368005153
5.67 1.00446558789
5.69 1.01339472433
5.71 1.03881614894
5.73 0.952704983634
5.75 1.08912846407
5.7700000000000005 1.13450139704
5.79 1.02446290336
5.8100000000000005 0.943654318233
5.83 0.936363560244
5.8500000000000005 1.04223323751
5.87 1.0789411868
5.89 0.914788363004
5.91 1.01965623372
5.93 0.988321098197
5.95 0.992942550879
5.97 1.02920075458
5.99 0.982366635229
6.01 0.939776342415
6.03 0.948416569825
6.05 1.06246494171
6.07 0.977205965476
6.09 0.99339907619
6.11 1.03656051825
6.13 0.986916863621
6.15 1.01444823344
6.17 0.949877489839
6.19 1.06897724702
6.21 0.852427588929
6.23 0.971075501444
6.25 0.899907805632
6.2700000000000005 0.889499157859
6.29 0.905456261261
6.3100000000000005 0.898841180764
6.33 1.03413476476
6.3500000000000005 1.05320712712
6.37 1.07215972582
6.390000000000001 1.03921771389
6.41 1.03228848035
6.43 1.01437652072
6.45 0.952609070518
6.47 0.964274595933
6.49 0.961303025529
6.51 0.99828095169
6.53 1.04588934969
6.55 0.995792523392
6.57 1.03232776074
6.59 1.07581332523
6.61 0.9939039476
6.63 0.98734133649
6.65 0.948834997566
6.67 1.02393664969
6.69 0.925499636811
6.71 1.06713948009
6.73 0.96915914238
6.75 0.983792769151
6.7700000000000005 1.0123027306
6.79 1.08589016286
6.8100000000000005 0.975124991449
6.83 0.951509369766
6.8500000000000005 0.94873124022
6.87 1.03196649393
6.890000000000001 0.884915012978
6.91 1.03967264025
6.93 0.93777907583
6.95 0.992885403107
6.97 0.98664584202
6.99 1.09877119185
7.01 1.01135660674
7.03 0.984948162774
7.05 1.04919521114
7.07 1.07296782181
7.09 0.95328086817
7.11 0.973865764318
7.13 0.931360615957
7.15 1.01469007584
7.17 1.03493141858
7.19 1.09450165407
7.21 0.898082796504
7.23 0.905404296117
7.25 1.00395394137
7.2700000000000005 0.89717208091
7.29 1.04058744859
7.3100000000000005 0.937522501528
7.33 0.963980597622
7.3500000000000005 1.04495382735
7.37 1.03891161443
7.390000000000001 1.00412155226
7.41 1.16406099048
7.43 0.998715783477
7.45 1.05947636583
7.47 1.05031256493
7.49 1.01911169101
7.51 1.0887727454
7.53 0.982314241503
7.55 0.976582014014
7.57 0.939662066841
7.59 0.968321761936
7.61 1.01546316642
7.63 0.966342621993
7.65 0.963816236053
7.67 0.871951141746
7.69 1.0325569559
7.71 1.00535755242
7.73 1.02415665694
7.75 1.0977460356
7.7700000000000005 0.88506068454
7.79 0.988965682126
7.8100000000000005 0.98038138263
7.83 1.02616744849
7.8500000000000005 0.936249958356
7.87 0.978912663756
7.890000000000001 0.931503443992
7.91 0.991888098613
7.930000000000001 1.03706776588
7.95 0.989870049401
7.97 1.00221167582
7.99 0.976041401077
8.01 1.1093188888
8.03 0.974122394435
8.05 1.00399443318
8.07 0.978079172918
8.09 0.993188024934
8.11 0.984910857743
8.13 0.869123958249
8.15 0.971378031676
8.17 1.00949564457
8.19 0.981061187023
8.21 0.938373040653
8.23 1.03659341539
8.25 1.05413188335
8.27 1.01729185551
8.290000000000001 1.08325361039
8.31 1.02092656356
8.33 1.11776961442
8.35 0.959432226228
8.370000000000001 0.974080201346
8.39 0.983024960204
8.41 0.986307191621
8.43 1.03442705461
8.45 1.0207919455
8.47 1.01001131539
8.49 1.08557040722
8.51 1.07191123695
8.53 1.08879119055
8.55 0.992268975815
8.57 0.923772573881
8.59 0.984897288767
8.61 0.966141174709
8.63 0.972117220438
8.65 0.999921846497
8.67 0.978535149161
8.69 1.04698879099
8.71 1.06086392537
8.73 0.936618936768
8.75 1.0344078318
8.77 0.970072038305
8.790000000000001 0.951733740577
8.81 0.957620394756
8.83 1.01700707023
8.85 1.01470874917
8.870000000000001 1.02574211879
8.89 0.994193502124
8.91 0.986657257965
8.93 0.952691128324
8.950000000000001 1.01921392474
8.97 1.03274880966
8.99 0.964733704662
9.01 0.986198035439
9.03 1.0311208071
9.05 1.01056316675
9.07 0.943196895409
9.09 0.95932013975
9.11 1.06616525183
9.13 0.947352023242
9.15 1.06150442013
9.17 1.05403504676
9.19 0.956595883402
9.21 1.03662771066
9.23 1.02926079629
9.25 0.97849389495
9.27 0.953439075932
9.290000000000001 1.02261325617
9.31 0.99503295625
9.33 0.944774726814
9.35 0.947808798567
9.370000000000001 0.915520584212
9.39 1.00668935936
9.41 1.09747059455
9.43 0.932249858798
9.450000000000001 0.945281308437
9.47 1.09051724337
9.49 0.981140241107
9.51 0.996471621144
9.53 1.03157666398
9.55 0.935383074841
9.57 1.00257108471
9.59 0.990623269009
9.61 1.0967623922
9.63 0.974238524012
9.65 0.967321546199
9.67 0.923775425515
9.69 0.948695637208
9.71 1.0246226335
9.73 1.04680432666
9.75 1.02041905347
9.77 0.989304132934
9.790000000000001 0.989696977679
9.81 0.884093374609
9.83 0.990477871506
9.85 0.945281308437
9.870000000000001 1.0128014019
9.89 0.936679152951
9.91 0.896634137165
9.93 1.01620120519
9.950000000000001 0.997533039054
9.97 1.07849296725
9.99 1.01246346349
10.01 0.911285177464
10.03 1.07204136425
10.05 1.02052758175
10.07 1.05370235225
10.09 0.993060641173
10.11 1.000446093
10.13 0.921485974414
10.15 0.982533773794
10.17 1.00383855763
10.19 0.999549175506
10.21 0.997591194751
10.23 0.972540153597
10.25 0.996003720109
10.27 0.991763008608
10.290000000000001 0.969165967348
10.31 1.05438749244
10.33 1.03633212179
10.35 1.02747968308
10.370000000000001 0.913832701744
10.39 0.982583073255
10.41 1.00793684185
10.43 1.0785088754
10.450000000000001 0.956588501122
10.47 1.02698900511
10.49 0.986733110332
10.51 0.984855406982
10.53 0.99869463973
10.55 0.99680137975
10.57 1.03068751937
10.59 0.966257805839
10.61 1.03348380564
10.63 0.982630146588
10.65 1.05844878902
10.67 0.950153892501
10.69 1.05006693524
10.71 1.06796487695
10.73 1.01972331269
10.75 0.989247880922
10.77 1.02910151731
10.790000000000001 1.0863288438
10.81 0.99687390529
10.83 1.03867475258
10.85 0.986664591525
10.870000000000001 0.995719501528
10.89 0.920108527955
10.91 0.99640101256
10.93 1.00755052546
10.950000000000001 1.09851184017
10.97 0.986642751286
10.99 1.03000397348
11.01 1.03027935524
11.03 0.964135514045
11.05 0.981638281838
11.07 0.990538679121
11.09 0.997276042264
11.11 0.916778226679
11.13 1.01704794866
11.15 0.991909534414
11.17 0.945704442416
11.19 0.929230955568
11.21 1.01189792161
11.23 1.02693071798
11.25 1.07131881623
11.27 1.05054555352
11.290000000000001 1.03193907232
11.31 0.967429809475
11.33 1.08252647634
11.35 0.984841539407
11.370000000000001 0.958167729089
11.39 1.08512318769
11.41 0.977591537209
11.43 0.973813421421
11.450000000000001 1.05054189082
11.47 1.02604640715
11.49 0.941990511889
11.51 1.02453382474
11.53 1.05555046367
11.55 1.00052502127
11.57 0.984497819072
11.59 1.00726696801
11.61 0.968892986253
11.63 0.997706626059
11.65 0.953395311085
11.67 1.00846206427
11.69 1.0512110359
11.71 0.934383530756
11.73 1.13627164953
11.75 1.01768583419
11.77 1.00591745014
11.790000000000001 0.992184579466
11.81 0.952484976325
11.83 0.944881781257
11.85 1.09285687136
11.870000000000001 0.961606722778
11.89 0.959989217778
11.91 0.992108845967
11.93 1.00233097667
11.950000000000001 1.0678910179
11.97 0.93777907583
11.99 1.04067666984
12.01 1.0232020824
12.030000000000001 1.10007799818
12.05 0.970776447461
12.07 0.984831189196
12.09 1.04770633028
12.11 1.01865574526
12.13 0.919564669378
12.15 0.964731541121
12.17 1.00198265233
12.19 0.992584146677
12.21 1.01418387719
12.23 1.0163899596
12.25 1.02437627506
12.27 1.00729854179
12.290000000000001 0.986430657502
12.31 1.04434003207
12.33 1.03114627725
12.35 0.920405484531
12.370000000000001 0.959036412359
12.39 1.01661609644
12.41 0.944519599083
12.43 0.929691391443
12.450000000000001 1.02310567319
12.47 1.00819898975
12.49 1.09929631746
12.51 1.0446454108
12.530000000000001 1.02977572707
12.55 0.97729282685
12.57 1.03213889883
12.59 1.05114680843
