0.01 0.0
0.03 0.783612952646
0.05 0.0
0.07 0.0
0.09 0.522408635097
0.11 0.427425246898
0.13 0.361667516606
0.15 0.0
0.17 0.276569277404
0.19 0.123728360944
0.21 0.111944707521
0.23 0.306631155383
0.25 0.282100662952
0.27 0.348272423398
0.29 0.243190226683
0.31 0.151667023093
0.33 0.783612952646
0.35000000000000003 0.738835069637
0.37 0.698898038846
0.39 0.723335033211
0.41000000000000003 0.917400529927
0.43 1.25742543564
0.45 0.940335543175
0.47000000000000003 1.50053544124
0.49 1.2473838838
0.51 1.33675150745
0.53 1.15324170389
0.55 1.49598836414
0.5700000000000001 1.07231246152
0.59 0.597670896086
0.61 0.847843522535
0.63 0.820927855153
0.65 1.1935028048
0.67 1.22805014967
0.6900000000000001 1.22652462153
0.71 1.48996829024
0.73 1.38474069714
0.75 1.19109168802
0.77 1.49598836414
0.79 1.4878726949
0.81 1.18993077994
0.8300000000000001 1.47281470618
0.85 1.35518945928
0.87 1.05382431563
0.89 0.739589753059
0.91 0.955835579601
0.93 0.783612952646
0.9500000000000001 0.965081215364
0.97 0.702828112167
0.99 0.926088034945
1.01 0.814647128988
1.03 1.02706552046
1.05 1.00750236769
1.07 0.988670547731
1.09 1.09993377757
1.11 0.910685323345
1.1300000000000001 1.01939030123
1.1500000000000001 0.797241003996
1.17 1.14528046925
1.19 0.809952883827
1.21 0.893707334422
1.23 1.01296308513
1.25 0.902722121448
1.27 1.05510090474
1.29 0.984072080067
1.31 0.951102744051
1.33 0.866098526608
1.35 1.0970581337
1.37 0.978086240164
1.3900000000000001 1.01475058616
1.41 0.950339112783
1.43 1.0356842521
1.45 0.972760906733
1.47 1.02349446876
1.49 1.02553372997
1.51 0.965245093988
1.53 0.875802711781
1.55 0.955502245484
1.57 1.04814471373
1.59 0.916679303095
1.61 0.992900884098
1.6300000000000001 1.22589756396
1.6500000000000001 1.05431560901
1.67 1.06984283355
1.69 0.918079080615
1.71 1.00357448321
1.73 1.05991578566
1.75 0.886602083565
1.77 1.03596288655
1.79 1.03752106021
1.81 0.948128379168
1.83 0.989150776291
1.85 0.940335543175
1.87 0.993135132498
1.8900000000000001 0.870681058495
1.9100000000000001 1.04618483207
1.93 0.889177391862
1.95 0.892113207627
1.97 0.906922605093
1.99 1.05138019275
2.0100000000000002 0.877178678335
2.0300000000000002 0.949599932763
2.05 0.974738063047
2.07 1.01074714182
2.09 0.899842625048
2.11 1.147565888
2.13 1.02642259994
2.15 0.929401408952
2.17 1.00750236769
2.19 1.01977028084
2.21 1.21264990862
2.23 0.874975897797
2.25 1.10750630641
2.27 1.10810465991
2.29 1.09842688995
2.31 0.987148784502
2.33 1.02912259017
2.35 1.05037480887
2.37 0.972076827333
2.39 0.983614584911
2.41 1.05348795293
2.43 1.00612033426
2.45 0.873168718662
2.47 1.19921334453
2.49 0.906347511494
2.5100000000000002 1.14263880744
2.5300000000000002 0.994228291697
2.5500000000000003 0.940335543175
2.57 1.1616985796
2.59 1.19811092374
2.61 0.981767952165
2.63 1.0547489933
2.65 0.949206633205
2.67 1.12699390942
2.69 0.935092036429
2.71 1.06698590231
2.73 0.800835215341
2.75 1.08566012712
2.77 1.00144037992
2.79 1.01953943301
2.81 0.803133560007
2.83 1.0466632371
2.85 0.998075444949
2.87 0.966546986887
2.89 1.07373954757
2.91 1.05020292623
2.93 1.07512766882
2.95 0.876583980926
2.97 0.941918599645
2.99 1.01424151396
3.0100000000000002 1.03093265531
3.0300000000000002 1.20257433327
3.0500000000000003 0.909504869628
3.0700000000000003 1.04141395661
3.09 1.07271287692
3.11 0.990224727941
3.13 0.841194735109
3.15 1.0821321727
3.17 1.03080946768
3.19 1.09804072048
3.21 0.952053120037
3.23 0.880654804367
3.25 0.962035594171
3.27 1.05679911962
3.29 1.17184672554
3.31 1.08664152648
3.33 0.896566171045
3.35 1.052614414
3.37 0.990561180496
3.39 0.956978650134
3.41 1.1375026732
3.43 0.843012185208
3.45 0.919893466149
3.47 0.995888507541
3.49 0.875670634762
3.5100000000000002 1.03811972359
3.5300000000000002 1.09883402708
3.5500000000000003 0.966823868335
3.5700000000000003 0.915312608553
3.59 0.897116778656
3.61 0.976802849558
3.63 1.13332451829
3.65 0.998301432823
3.67 1.15940554029
3.69 1.2869090767
3.71 0.950473931781
3.73 1.00840272727
3.75 0.927797735933
3.77 0.929111378866
3.79 0.998641309045
3.81 0.962548193801
3.83 0.920694069688
3.85 0.970865917953
3.87 0.99014659908
3.89 1.11196490967
3.91 0.974004846511
3.93 1.02886586149
3.95 1.04151088643
3.97 0.994813420991
3.99 1.18425716904
4.01 1.04937694656
4.03 0.974168956019
4.05 0.992576406685
4.07 0.958818797095
4.09 0.948382424351
4.11 1.0352842659
4.13 0.865199773381
4.15 1.09328168574
4.17 0.924550534057
4.19 0.914526811083
4.21 1.02186107126
4.23 0.983684344811
4.25 1.12287126626
4.2700000000000005 1.13412834833
4.29 1.05212368467
4.3100000000000005 0.91633626017
4.33 1.02068754109
4.3500000000000005 0.8700805888
4.37 0.849960044746
4.39 0.996027397668
4.41 0.986179566255
4.43 0.83314153656
4.45 1.06183957403
4.47 0.941387372642
4.49 1.01572992971
4.51 0.943463044981
4.53 1.03789795052
4.55 0.966168937218
4.57 0.992805031908
4.59 0.804099565787
4.61 0.989290105076
4.63 1.10179704573
4.65 1.07178029652
4.67 0.941342326412
4.69 0.937328073421
4.71 1.0082153913
4.73 1.0486828732
4.75 0.945284677613
4.7700000000000005 1.17295523729
4.79 1.06499380412
4.8100000000000005 0.92860578588
4.83 0.997768045294
4.8500000000000005 1.03243026132
4.87 1.01370874778
4.89 1.10090408685
4.91 1.02938972394
4.93 0.967992470915
4.95 1.01157308432
4.97 0.98858213543
4.99 1.00346428205
5.01 1.00884302287
5.03 1.0281998981
5.05 1.0427483251
5.07 1.05254520858
5.09 1.00222403177
5.11 1.05810750944
5.13 1.03565220642
5.15 0.98598289964
5.17 1.03218650049
5.19 1.0417975671
5.21 0.947555009917
5.23 1.01135514921
5.25 1.11944707521
5.2700000000000005 0.959070881322
5.29 1.06654314916
5.3100000000000005 0.907574323686
5.33 0.948274586222
5.3500000000000005 0.962305999791
5.37 1.01563243024
5.39 1.0118638498
5.41 0.977705624835
5.43 0.965445792486
5.45 0.961902872147
5.47 1.09161438742
5.49 0.852125560527
5.51 1.09648926768
5.53 1.0882725997
5.55 0.919156814725
5.57 0.91163589464
5.59 1.0093046975
5.61 1.03923001206
5.63 0.860164839672
5.65 0.986104087312
5.67 0.895557660167
5.69 0.991566477865
5.71 1.02514689252
5.73 0.964131119747
5.75 1.07934166695
5.7700000000000005 1.03485800679
5.79 0.929779099253
5.8100000000000005 0.96704042521
5.83 1.02420766709
5.8500000000000005 1.02070610242
5.87 0.945141346632
5.89 1.02973926205
5.91 1.10183141057
5.93 1.00297172185
5.95 1.03120830575
5.97 1.00806490391
5.99 1.06356816444
6.01 1.0013556533
6.03 0.994135835446
6.05 1.01416354037
6.07 0.972093168603
6.09 1.022943017
6.11 1.01189954114
6.13 0.951073469443
6.15 0.993850574087
6.17 0.979198681507
6.19 0.957045867852
6.21 1.02210385128
6.23 0.977315030828
6.25 0.914006147966
6.2700000000000005 1.0610644287
6.29 1.0277912336
6.3100000000000005 0.961198772342
6.33 1.01015508588
6.3500000000000005 1.06250512162
6.37 1.05178818605
6.390000000000001 1.02642259994
6.41 1.03422239928
6.43 1.02369343736
6.45 1.00229563711
6.47 0.861126444098
6.49 0.949028938027
6.51 0.949724454128
6.53 0.982816245355
6.55 1.05159661889
6.57 1.0555516942
6.59 1.00954081456
6.61 1.04560760096
6.63 1.00345007058
6.65 0.901449486878
6.67 1.06792229978
6.69 1.0085063561
6.71 1.11410843044
6.73 1.03744300269
6.75 0.999541855153
6.7700000000000005 0.944502465818
6.79 1.00057795279
6.8100000000000005 0.93550268796
6.83 0.936205226001
6.8500000000000005 1.00210941097
6.87 0.98892639002
6.890000000000001 1.0679427613
6.91 0.959387203963
6.93 0.987148784502
6.95 1.11960814673
6.97 0.971365266981
6.99 1.04930146449
7.01 0.952408324756
7.03 1.02326698511
7.05 1.00369148403
7.07 1.00085218704
7.09 0.991397487339
7.11 1.04812365396
7.13 1.00891541449
7.15 1.00609327347
7.17 0.996729446043
7.19 0.990687307309
7.21 0.890123451064
7.23 1.0144698806
7.25 1.03112656114
7.2700000000000005 0.944215882418
7.29 0.993221355617
7.3100000000000005 1.00979945471
7.33 0.971765585205
7.3500000000000005 1.02989130919
7.37 1.0462349327
7.390000000000001 1.03067901214
7.41 1.01520706416
7.43 1.04411416301
7.45 0.959268473574
7.47 0.94725903111
7.49 0.988670547731
7.51 1.08620650294
7.53 1.13327291558
7.55 0.971472481691
7.57 0.959589441351
7.59 0.90440704416
7.61 0.982347906471
7.63 0.942800380772
7.65 1.0233063264
7.67 1.03289790759
7.69 1.04549660522
7.71 1.03973547413
7.73 0.945809682818
7.75 1.06470250211
7.7700000000000005 0.989349171873
7.79 1.00189794716
7.8100000000000005 0.975251971795
7.83 0.95174446739
7.8500000000000005 1.06012351046
7.87 1.04846815646
7.890000000000001 0.962383968458
7.91 0.995614434145
7.930000000000001 0.904168791514
7.95 1.02904644347
7.97 1.06480906865
7.99 0.870899001188
8.01 0.971445270883
8.03 1.02464956448
8.05 0.966618213636
8.07 0.975874866678
8.09 1.06063805086
8.11 0.968162982184
8.13 0.99758844525
8.15 0.957642332313
8.17 0.984072080067
8.19 1.0821321727
8.21 0.901966187881
8.23 0.942620684228
8.25 0.985927569511
8.27 1.08303458872
8.290000000000001 1.0946004815
8.31 0.998611452289
8.33 1.08652216123
8.35 0.993827684853
8.370000000000001 1.0672864588
8.39 1.042326645
8.41 0.944808007114
8.43 0.956509760703
8.45 0.912514964974
8.47 1.0102778563
8.49 1.0023600313
8.51 1.02762873696
8.53 1.0004155984
8.55 1.0970581337
8.57 0.990260009003
8.59 0.938693513705
8.61 0.909209453767
8.63 0.958858954802
8.65 0.975666069364
8.67 0.93003198186
8.69 0.992816870959
8.71 1.03642034609
8.73 0.988267881859
8.75 0.994069002785
8.77 1.04541294709
8.790000000000001 1.06442988107
8.81 1.02198783495
8.83 1.02499769004
8.85 0.9297102828
8.870000000000001 0.917012677392
8.89 0.962548193801
8.91 0.999964003545
8.93 1.0556398455
8.950000000000001 0.990241619489
8.97 0.927755803467
8.99 1.00414029082
9.01 1.01756620932
9.03 1.03613938589
9.05 1.05982569507
9.07 0.94085391999
9.09 0.974990373424
9.11 1.02445996334
9.13 0.970718783617
9.15 0.968596993926
9.17 1.02032046397
9.19 1.0513544838
9.21 1.02099407511
9.23 1.00350001086
9.25 1.06994936129
9.27 0.983954128241
9.290000000000001 0.941347745051
9.31 0.90902469265
9.33 0.980146104756
9.35 0.962963938599
9.370000000000001 0.975961916476
9.39 1.02645786129
9.41 1.10172150515
9.43 1.04952614973
9.450000000000001 0.982625766016
9.47 1.01530421636
9.49 1.00821013191
9.51 1.00361785102
9.53 1.12485049236
9.55 0.932950709066
9.57 0.980130307541
9.59 0.963378176402
9.61 1.06411540396
9.63 0.961817767422
9.65 0.969568772496
9.67 1.01861580297
9.69 1.02864362824
9.71 0.958735517758
9.73 0.993005930742
9.75 1.03919133105
9.77 0.993752761851
9.790000000000001 0.994123888852
9.81 0.98490802305
9.83 0.915942301719
9.85 0.966588565954
9.870000000000001 0.971775333372
9.89 1.01021892277
9.91 0.899059462319
9.93 1.00141474009
9.950000000000001 1.0324789758
9.97 0.9926812028
9.99 0.865974674395
10.01 1.04507821357
10.03 0.939866781688
10.05 1.02688383944
10.07 0.926795458392
10.09 1.02514281218
10.11 1.00451274642
10.13 0.928268058416
10.15 0.986657491115
10.17 0.9616017354
10.19 0.959714391464
10.21 1.09137866666
10.23 1.02490139848
10.25 0.995379574971
10.27 1.00946439761
10.290000000000001 0.970948993803
10.31 0.991867025415
10.33 1.01953127624
10.35 1.09024410803
10.370000000000001 0.90451755479
10.39 0.934452789536
10.41 1.00717976046
10.43 1.05032685311
10.450000000000001 1.10005760912
10.47 1.07550316423
10.49 1.04656029233
10.51 1.00654375459
10.53 0.980074319691
10.55 0.902454727455
10.57 1.01639863583
10.59 1.06331615954
10.61 1.00813541976
10.63 0.962008375543
10.65 0.955787066185
10.67 0.929760073149
10.69 0.991794504144
10.71 0.998722390627
10.73 0.953042780245
10.75 0.960016984776
10.77 1.12412443068
10.790000000000001 0.92595599131
10.81 1.00253164987
10.83 1.06145909652
10.85 0.955502245484
10.870000000000001 0.955906876917
10.89 0.915294468104
10.91 1.09246132078
10.93 1.06465254774
10.950000000000001 0.953216851986
10.97 0.996481375516
10.99 1.03744935951
11.01 0.994996283196
11.03 1.00811131442
11.05 1.00841413454
11.07 1.06392978123
11.09 0.998417585292
11.11 0.998736220474
11.13 0.990605053345
11.15 1.08581346353
11.17 0.871304643855
11.19 1.02310860037
11.21 1.00660361446
11.23 0.91898331134
11.25 0.996755675765
11.27 1.03670533487
11.290000000000001 1.01196429137
11.31 1.03303882617
11.33 1.03121528014
11.35 1.052181621
11.370000000000001 0.973830344845
11.39 1.052614414
11.41 1.09609664542
11.43 0.97283182835
11.450000000000001 0.946494946296
11.47 1.03502495489
11.49 0.959567819297
11.51 1.02325826918
11.53 1.05614443054
11.55 0.979007351228
11.57 0.926519031305
11.59 1.09732857821
11.61 0.984072080067
11.63 0.925781768646
11.65 0.968585967219
11.67 1.01527230883
11.69 1.01554629877
11.71 1.00778916028
11.73 1.08423173243
11.75 0.970346252
11.77 0.962705462639
11.790000000000001 1.01490837887
11.81 0.987312509345
11.83 0.997566446902
11.85 1.03555939565
11.870000000000001 0.871414572445
11.89 1.00637256408
11.91 0.990865748686
11.93 1.01482146843
11.950000000000001 1.03869700167
11.97 1.0291057323
11.99 0.976411802546
12.01 0.951296989973
12.030000000000001 1.02983547642
12.05 0.981304519122
12.07 0.973835483818
12.09 1.00139124221
12.11 1.02691474471
12.13 1.06204426558
12.15 1.02353395543
12.17 1.06241690375
12.19 0.966177414132
12.21 0.995400237145
12.23 0.945717676292
12.25 1.01709762833
12.27 0.992448678412
12.290000000000001 0.96405434044
12.31 0.983494729356
12.33 0.97236643759
12.35 1.00315148027
12.370000000000001 0.954018679616
12.39 1.03406551862
12.41 1.00019574294
12.43 0.975891271678
12.450000000000001 0.989429366714
12.47 0.95202375562
12.49 1.03331507847
12.51 1.05045477345
12.530000000000001 1.0056261994
12.55 1.00589678622
12.57 1.04544066952
12.59 0.963489158615
