0.01 0.0
0.03 0.0
0.05 0.0
0.07 0.0
0.09 0.0
0.11 0.0
0.13 0.0
0.15 0.0
0.17 0.0
0.19 0.0
0.21 0.0
0.23 0.0
0.25 0.0
0.27 0.0
0.29 0.0
0.31 0.0
0.33 0.179225682922
0.35000000000000003 0.0
0.37 0.159849933417
0.39 0.151652500934
0.41000000000000003 0.144254817961
0.43 0.137545291545
0.45 0.525728669904
0.47000000000000003 0.251678618571
0.49 0.362109032842
0.51 0.811786916763
0.53 0.669560098462
0.55 0.860283278024
0.5700000000000001 0.622573424886
0.59 1.20293848198
0.61 0.872623407012
0.63 1.59596203364
0.65 1.45586400896
0.67 0.617927354551
0.6900000000000001 1.71433261925
0.71 1.24953116967
0.73 1.29631726826
0.75 1.57718600971
0.77 1.45940913236
0.79 2.09625988632
0.81 1.75242889968
0.8300000000000001 1.78146010133
0.85 1.60037992162
0.87 0.815785867092
0.89 1.26263486732
0.91 1.3648725084
0.93 0.953943151035
0.9500000000000001 1.6186909047
0.97 1.03655266102
0.99 1.31432167476
1.01 1.63964882198
1.03 1.26328005632
1.05 0.844921076631
1.07 0.994953791173
1.09 1.1937417046
1.11 1.38536608961
1.1300000000000001 1.30850609213
1.1500000000000001 1.02859957155
1.17 0.859364171958
1.19 1.04372603584
1.21 1.17311356094
1.23 1.00978372573
1.25 0.993627186118
1.27 1.39711359128
1.29 1.42130134596
1.31 0.812672180576
1.33 0.711512485584
1.35 1.40194311974
1.37 1.12244989742
1.3900000000000001 1.02119957463
1.41 1.09060734714
1.43 1.15807364349
1.45 1.10131092057
1.47 1.04609276154
1.49 1.07174552673
1.51 1.17505580194
1.53 1.12103907553
1.55 0.877627698952
1.57 1.31850741258
1.59 1.04153793094
1.61 1.10207096952
1.6300000000000001 1.26997339739
1.6500000000000001 0.860283278024
1.67 0.95622804481
1.69 0.839921543633
1.71 1.14138461229
1.73 1.12818941446
1.75 0.811124233566
1.77 1.16952352415
1.79 1.1564562222
1.81 1.66650179203
1.83 1.16349787602
1.85 0.9590996005
1.87 0.822329603994
1.8900000000000001 1.03268131588
1.9100000000000001 0.867039429422
1.93 1.65481951796
1.95 0.849254005229
1.97 1.08081274777
1.99 0.980787782421
2.0100000000000002 1.02987892425
2.0300000000000002 0.757515448014
2.05 1.09633661651
2.07 1.20003283348
2.09 1.13195168161
2.11 0.953038939517
2.13 0.860788139103
2.15 0.852780807576
2.17 1.06296522544
2.19 1.10727099997
2.21 1.31134809631
2.23 1.19349838179
2.25 0.972598039322
2.27 0.964028893601
2.29 1.08474583637
2.31 1.22897611146
2.33 1.19304306529
2.35 1.00671447428
2.37 1.09804089284
2.39 1.11359890853
2.41 0.785320834711
2.43 1.19262522339
2.45 0.86906167882
2.47 0.86202474215
2.49 1.04512325945
2.5100000000000002 1.27243094409
2.5300000000000002 1.09873136052
2.5500000000000003 0.904562564393
2.57 1.12765731239
2.59 1.09611382914
2.61 1.06505377093
2.63 1.34930362048
2.65 0.959702807796
2.67 1.04111997832
2.69 0.923445340258
2.71 1.04757742342
2.73 1.21322000747
2.75 1.20439658923
2.77 1.15299699266
2.79 1.4415140949
2.81 0.905057808064
2.83 1.04495539513
2.85 1.0791272698
2.87 1.2158620371
2.89 0.961865170282
2.91 1.03655266102
2.93 1.19096383839
2.95 1.06259565908
2.97 1.03552616799
2.99 0.929695766594
3.0100000000000002 0.943167713448
3.0300000000000002 1.07357958582
3.0500000000000003 1.31863092615
3.0700000000000003 0.943999769656
3.09 1.01445216644
3.11 1.14105097166
3.13 1.0014879215
3.15 1.07023336373
3.17 0.988850849937
3.19 0.852867042869
3.21 0.976528720966
3.23 0.988793086584
3.25 1.03730310639
3.27 1.03095874488
3.29 0.898852209182
3.31 1.05423687205
3.33 0.941338496787
3.35 1.25350977637
3.37 0.982816207832
3.39 1.20382560476
3.41 1.1794206231
3.43 1.06908381125
3.45 1.04574289774
3.47 1.36356139168
3.49 1.15238519334
3.5100000000000002 0.808813338313
3.5300000000000002 1.02204334199
3.5500000000000003 1.14956867609
3.5700000000000003 0.894622316433
3.59 0.955537484992
3.61 0.917476626148
3.63 1.14052707314
3.65 1.2477053707
3.67 0.983055312592
3.69 1.26623673544
3.71 1.03622396191
3.73 1.04652422896
3.75 0.962083465924
3.77 1.00404414411
3.79 1.02995656307
3.81 1.04007345129
3.83 0.772121088305
3.85 1.30578711843
3.87 0.871120179782
3.89 0.957866824664
3.91 1.01347310726
3.93 1.12871136191
3.95 1.24278264689
3.97 0.893871164194
3.99 0.830097899848
4.01 1.06194569232
4.03 0.968619199512
4.05 1.10987163646
4.07 1.0608222854
4.09 1.12793864998
4.11 0.978546064419
4.13 0.930845253915
4.15 1.04037269918
4.17 1.19139950374
4.19 1.1857126326
4.21 1.12388551761
4.23 1.06264305619
4.25 1.11330777156
4.2700000000000005 1.16349787602
4.29 0.951274778584
4.3100000000000005 1.04291882313
4.33 1.13371627141
4.3500000000000005 0.82938229821
4.37 1.28574946444
4.39 0.983495831796
4.41 0.925389750596
4.43 1.12147537937
4.45 0.890489853798
4.47 0.992356969197
4.49 1.06697160457
4.51 1.07535409753
4.53 1.04449404617
4.55 1.1438931499
4.57 1.10006135798
4.59 1.03084052922
4.61 0.962220315035
4.63 0.85587037784
4.65 1.00482011909
4.67 1.06384067036
4.69 1.00886098702
4.71 0.879004941718
4.73 1.02533762788
4.75 1.14553510179
4.7700000000000005 0.855549014702
4.79 0.913714233183
4.8100000000000005 1.18043027754
4.83 1.02859957155
4.8500000000000005 0.89021581476
4.87 1.04444042738
4.89 0.979693763701
4.91 0.951611721745
4.93 1.10371029077
4.95 0.955870308916
4.97 0.940123451463
4.99 1.14970222652
5.01 0.885396337787
5.03 1.17583450028
5.05 0.948653961287
5.07 1.10822981452
5.09 1.01091735888
5.11 1.08798056443
5.13 0.864685312342
5.15 1.07953022995
5.17 0.777915730128
5.19 1.04841844576
5.21 0.998985380431
5.23 1.26657385101
5.25 1.03643652067
5.2700000000000005 1.04372603584
5.29 1.0956821523
5.3100000000000005 1.0470020121
5.33 1.12074897032
5.3500000000000005 1.10550421241
5.37 0.792998552369
5.39 0.954651086583
5.41 1.18070302021
5.43 0.93672649748
5.45 1.00925435025
5.47 0.951501614634
5.49 1.04499346272
5.51 0.987530260164
5.53 1.25133880969
5.55 1.07632288501
5.57 1.06183977314
5.59 0.888754191519
5.61 1.22295171876
5.63 0.934965951583
5.65 1.14101731234
5.67 0.897076698645
5.69 0.966684746725
5.71 1.00473101757
5.73 1.00122410302
5.75 1.00802758012
5.7700000000000005 0.973782523327
5.79 1.00106365901
5.8100000000000005 0.946718796707
5.83 1.02462984765
5.8500000000000005 1.02112683962
5.87 0.916890503942
5.89 1.16481479495
5.91 1.00075254423
5.93 1.00735109811
5.95 1.08348702768
5.97 0.951066940529
5.99 0.898522079823
6.01 0.895531989707
6.03 0.814094768694
6.05 0.967818687777
6.07 0.945142357549
6.09 1.02944407038
6.11 0.880875164998
6.13 0.955188101314
6.15 1.04825167719
6.17 0.977753077333
6.19 0.974593939765
6.21 0.952407010695
6.23 0.911375543332
6.25 1.09772146276
6.2700000000000005 1.16025047365
6.29 1.15656128296
6.3100000000000005 1.01229846899
6.33 1.05581764868
6.3500000000000005 0.773069520508
6.37 0.93776954659
6.390000000000001 1.02739229506
6.41 0.913463816077
6.43 0.975010013779
6.45 1.13704107677
6.47 1.01468883546
6.49 1.02978824594
6.51 1.00845418824
6.53 1.07782428305
6.55 1.02938476206
6.57 1.09826879672
6.59 1.06801101189
6.61 1.14530905395
6.63 0.758262504669
6.65 1.04948091624
6.67 1.02859957155
6.69 1.00784307795
6.71 0.925509674104
6.73 0.957912008127
6.75 0.832403727348
6.7700000000000005 1.08329615143
6.79 0.940736868826
6.8100000000000005 0.911919223677
6.83 1.07377964058
6.8500000000000005 1.0015706777
6.87 0.843691206068
6.890000000000001 1.13310170509
6.91 0.898722129267
6.93 0.913197527268
6.95 1.01268957818
6.97 1.06918276842
6.99 0.998433203572
7.01 0.995584606701
7.03 1.0432311444
7.05 1.07382877257
7.07 0.945307739201
7.09 0.900931359567
7.11 1.14795184251
7.13 1.0866656764
7.15 1.20770537107
7.17 0.915625769236
7.19 1.00356411605
7.21 0.918749131871
7.23 0.957109767304
7.25 1.08499520323
7.2700000000000005 0.927437440373
7.29 0.876214449839
7.3100000000000005 0.962817040812
7.33 0.919845865145
7.3500000000000005 0.933436617992
7.37 1.0111538529
7.390000000000001 0.912377563128
7.41 0.877988163301
7.43 0.979107734831
7.45 0.936784978922
7.47 1.0688760608
7.49 1.08181483643
7.51 1.1104355561
7.53 1.17032228808
7.55 0.924377230857
7.57 1.08600820021
7.59 0.888335993612
7.61 1.01812434595
7.63 1.03095874488
7.65 0.966412996146
7.67 1.05642674379
7.69 0.953695051386
7.71 0.928207719723
7.73 1.08648324731
7.75 1.02262705791
7.7700000000000005 1.02760671482
7.79 0.926267778489
7.8100000000000005 0.946614522474
7.83 0.815785867092
7.8500000000000005 1.02466861777
7.87 1.03709499368
7.890000000000001 1.01197771536
7.91 0.919692853324
7.930000000000001 0.827873488704
7.95 1.04897748759
7.97 0.831139427953
7.99 0.806852041889
8.01 0.982049341253
8.03 1.16373936582
8.05 0.940433893989
8.07 0.945432134074
8.09 0.957716473758
8.11 1.028282494
8.13 1.03302773699
8.15 1.01597871791
8.17 1.07140542887
8.19 1.00379512523
8.21 1.02296169327
8.23 1.17139118886
8.25 1.08252312485
8.27 1.03699503359
8.290000000000001 0.913207822269
8.31 1.03200348108
8.33 1.05792639007
8.35 0.913729020596
8.370000000000001 1.05287058892
8.39 0.944619749559
8.41 0.984569149939
8.43 1.08747256008
8.45 0.951911082784
8.47 1.08931973516
8.49 0.884728901207
8.51 0.9590996005
8.53 0.811243097023
8.55 0.843932864845
8.57 0.945483445145
8.59 1.04656114731
8.61 0.920483124135
8.63 1.09653720258
8.65 1.01878922882
8.67 0.934578215097
8.69 0.993681634427
8.71 0.984609520988
8.73 0.833307041213
8.75 0.959830343053
8.77 1.03182494079
8.790000000000001 0.955462514415
8.81 0.980146810802
8.83 1.06500244427
8.85 0.995765743419
8.870000000000001 0.960180885281
8.89 0.984632435759
8.91 0.916042379378
8.93 0.920613894246
8.950000000000001 0.984639869191
8.97 1.16706489849
8.99 1.11183718983
9.01 1.05685466522
9.03 0.871120179782
9.05 1.01297167751
9.07 1.02377978304
9.09 1.00200761343
9.11 1.06473040173
9.13 0.842144775174
9.15 0.988973194614
9.17 1.07066334901
9.19 0.997540117676
9.21 0.976108605359
9.23 0.967585674972
9.25 0.952705603163
9.27 0.988931357222
9.290000000000001 0.999535267188
9.31 1.19432452937
9.33 1.07765925101
9.35 0.942516238424
9.370000000000001 0.997313458649
9.39 0.995189255329
9.41 0.879939059616
9.43 1.04741541737
9.450000000000001 0.91376649769
9.47 1.11793675715
9.49 1.06572236958
9.51 1.03860435182
9.53 0.881271301334
9.55 1.05902673165
9.57 0.914669002497
9.59 1.08544605465
9.61 1.02779681434
9.63 1.02566224152
9.65 1.03579443902
9.67 1.05811729452
9.69 1.04982969687
9.71 1.06594059616
9.73 0.875313921114
9.75 0.988774306088
9.77 1.06544807207
9.790000000000001 0.839742806498
9.81 1.13948071803
9.83 0.962677116812
9.85 1.06880371724
9.870000000000001 0.952783341733
9.89 0.980757731013
9.91 1.03846001144
9.93 1.03041230997
9.950000000000001 0.909457761881
9.97 1.03221050285
9.99 1.08342732649
10.01 0.957183317582
10.03 1.09090009396
10.05 0.91806349819
10.07 0.89274679795
10.09 0.873392153544
10.11 1.09981813734
10.13 0.969198707843
10.15 1.08382979485
10.17 0.9363088037
10.19 1.00992529081
10.21 0.805199027974
10.23 0.878783993681
10.25 0.980932762137
10.27 1.05964785463
10.290000000000001 0.965624087578
10.31 0.992433970708
10.33 1.01914004016
10.35 0.942882940588
10.370000000000001 1.0494294568
10.39 0.882328554518
10.41 0.948811468378
10.43 1.07741613799
10.450000000000001 1.04705530549
10.47 0.999863623635
10.49 0.890831945428
10.51 0.889136737159
10.53 1.01101667289
10.55 0.99228171938
10.57 0.968022160643
10.59 0.943854233857
10.61 0.903054195004
10.63 0.929174730556
10.65 0.949643688946
10.67 0.958949788004
10.69 1.18399604564
10.71 0.988502436058
10.73 1.10792540058
10.75 1.08385689737
10.77 0.944554295509
10.790000000000001 1.02502473523
10.81 0.96294427975
10.83 0.933860137329
10.85 1.0248074994
10.870000000000001 1.08277374402
10.89 1.01018112192
10.91 1.13843628107
10.93 1.00648421022
10.950000000000001 1.09646835607
10.97 0.921942141046
10.99 0.974080986434
11.01 1.02603040822
11.03 0.959824214885
11.05 1.01161138858
11.07 0.902928305018
11.09 0.922632483138
11.11 1.05938349212
11.13 0.797095355312
11.15 1.09801851125
11.17 1.1119373166
11.19 0.951385662694
11.21 1.0393810568
11.23 1.14286297008
11.25 0.956826179225
11.27 1.10207096952
11.290000000000001 0.958674844255
11.31 0.977897161194
11.33 1.07535409753
11.35 0.891075355707
11.370000000000001 1.02995656307
11.39 0.867175363109
11.41 0.933041679715
11.43 0.952107039983
11.450000000000001 0.878127581826
11.47 0.923004454245
11.49 1.04493720617
11.51 1.02256738466
11.53 1.09773787753
11.55 0.983180889171
11.57 0.92013876971
11.59 0.806283615836
11.61 1.1309279527
11.63 0.986588840984
11.65 1.03566291625
11.67 1.01868376591
11.69 0.849980484275
11.71 0.914188731077
11.73 0.907587857251
11.75 0.936244461084
11.77 1.06530405924
11.790000000000001 1.00329898837
11.81 1.01662392032
11.83 0.909915005603
11.85 0.933334758911
11.870000000000001 1.07626004033
11.89 0.920246252512
11.91 1.02795183882
11.93 0.981609901266
11.950000000000001 0.930473754683
11.97 1.04750449267
11.99 0.94710085654
12.01 0.984920488995
12.030000000000001 1.09144418378
12.05 1.10926567903
12.07 0.980024446796
12.09 0.919699037921
12.11 0.947483750673
12.13 0.921542114083
12.15 1.08553234619
12.17 0.976831515875
12.19 1.07226653449
12.21 0.925192038866
12.23 0.943023114964
12.25 1.02356153283
12.27 1.11347789805
12.290000000000001 1.06354182713
12.31 0.980135903679
12.33 0.887406970184
12.35 0.929071110984
12.370000000000001 1.08057004303
12.39 0.997675169581
12.41 0.881686377306
12.43 0.975431814131
12.450000000000001 1.03562213891
12.47 0.977045864075
12.49 1.04651153367
12.51 1.05429400529
12.530000000000001 0.977087502026
12.55 0.933116025666
12.57 0.87987405673
12.59 0.939546868374
