0.01 0.0
0.03 0.0
0.05 0.0
0.07 0.0
0.09 0.262783990693
0.11 0.215005083294
0.13 0.181927378172
0.15 0.0
0.17 0.417362808748
0.19 0.248953254341
0.21 0.0
0.23 0.102828518097
0.25 0.662215656547
0.27 0.350378654258
0.29 0.163107304568
0.31 0.457752757982
0.33 0.286673444393
0.35000000000000003 0.540584209426
0.37 0.191761290506
0.39 0.727709512689
0.41000000000000003 1.32673868472
0.43 0.880020806042
0.45 0.946022366496
0.47000000000000003 1.00640677287
0.49 1.39972697084
0.51 1.76219852582
0.53 1.29408719945
0.55 1.63403863304
0.5700000000000001 1.12028964453
0.59 0.962056643894
0.61 0.969285211573
0.63 1.12621710297
0.65 1.45541902538
0.67 0.988381576936
0.6900000000000001 1.30249456257
0.71 1.49897910184
0.73 1.29592104999
0.75 1.60823802304
0.77 1.29003049977
0.79 1.52680824972
0.81 1.31391995347
0.8300000000000001 1.33924853088
0.85 1.39120936249
0.87 1.06019747969
0.89 0.850357183367
0.91 1.14354351994
0.93 1.01722835107
0.9500000000000001 0.97091769193
0.97 0.877752711181
0.99 0.860020333178
1.01 0.889823017991
1.03 0.918468316986
1.05 1.01359539267
1.07 0.972546358079
1.09 1.01979475287
1.11 1.19318136315
1.1300000000000001 1.06741461706
1.1500000000000001 0.966588070115
1.17 0.909636890861
1.19 1.07321865107
1.21 1.17275499979
1.23 1.1536858128
1.25 0.889261024506
1.27 1.09872676424
1.29 1.13669354114
1.31 0.758262202153
1.33 1.12028964453
1.35 0.718276241228
1.37 0.94947500287
1.3900000000000001 1.02088744586
1.41 1.02318021908
1.43 0.909636890861
1.45 0.782915061927
1.47 0.965328945404
1.49 0.761897207916
1.51 1.28433500087
1.53 1.15934113541
1.55 1.03757291809
1.57 1.2352521346
1.59 0.966846758211
1.61 1.07235454587
1.6300000000000001 1.16076363987
1.6500000000000001 1.01769072759
1.67 1.00550281469
1.69 1.09156426903
1.71 1.1894433263
1.73 1.01164241504
1.75 1.05413920838
1.77 0.855161461239
1.79 1.07022083361
1.81 1.11066161812
1.83 0.878818591826
1.85 0.933238280462
1.87 0.973846553745
1.8900000000000001 0.838406065545
1.9100000000000001 1.02774681177
1.93 1.01709658574
1.95 0.994536334008
1.97 0.972434158454
1.99 0.962660950831
2.0100000000000002 1.07074670835
2.0300000000000002 1.03689643618
2.05 1.10753838029
2.07 1.03971057187
2.09 1.15423781558
2.11 0.930330052359
2.13 1.01042295013
2.15 1.08902574748
2.17 1.14438189495
2.19 0.885546050829
2.21 1.05945943759
2.23 0.901478712468
2.25 1.01960188389
2.27 1.2294123265
2.29 0.970808978718
2.31 0.972642043475
2.33 0.923691366428
2.35 1.07685524697
2.37 0.95799733316
2.39 0.999458776318
2.41 1.05004557277
2.43 0.895412116436
2.45 1.02324868213
2.47 1.02453839286
2.49 1.00681095229
2.5100000000000002 0.961098420145
2.5300000000000002 1.08437346357
2.5500000000000003 0.992396011912
2.57 0.984673085749
2.59 1.18709370313
2.61 1.00582837817
2.63 1.0431425334
2.65 0.874624452043
2.67 1.08952014119
2.69 0.98470729598
2.71 1.01234865787
2.73 0.857657639955
2.75 1.10082602647
2.77 0.905039448091
2.79 1.01722835107
2.81 0.807990633306
2.83 0.961065124973
2.85 0.879634832005
2.87 0.906467424342
2.89 1.16206899691
2.91 1.07280886922
2.93 0.92019240427
2.95 1.05826230828
2.97 1.19447268497
2.99 1.03619506698
3.0100000000000002 1.17074196518
3.0300000000000002 1.0693487146
3.0500000000000003 1.03907374681
3.0700000000000003 1.10163842352
3.09 0.972045635477
3.11 0.942980493934
3.13 1.14852555677
3.15 1.08867653287
3.17 0.947514515339
3.19 1.08243938486
3.21 0.994649684399
3.23 1.05439025368
3.25 0.916913985988
3.27 1.06319027427
3.29 1.05672711151
3.31 1.30042349473
3.33 0.944601912492
3.35 0.861303945615
3.37 1.01760566129
3.39 0.899977030073
3.41 1.08889671217
3.43 0.979119358909
3.45 1.04199565005
3.47 1.03598991144
3.49 0.874189722621
3.5100000000000002 1.09156426903
3.5300000000000002 1.03848064311
3.5500000000000003 1.02596791859
3.5700000000000003 1.05996903809
3.59 0.98818492322
3.61 1.08098123595
3.63 0.990326444265
3.65 0.971940787495
3.67 1.1019742825
3.69 1.00627040339
3.71 1.03909464784
3.73 1.09058878711
3.75 0.889261024506
3.77 0.947277038069
3.79 0.948518467726
3.81 0.955954359845
3.83 0.901561785303
3.85 0.970594376015
3.87 0.83724201686
3.89 1.29500491043
3.91 0.919407926517
3.93 1.05314194743
3.95 1.02984713315
3.97 1.02465898638
3.99 1.02545030955
4.01 1.04392742437
4.03 1.23827989659
4.05 0.946022366496
4.07 1.04597067549
4.09 1.06398603567
4.11 0.978246972654
4.13 1.00214233739
4.15 1.03720524519
4.17 1.04357383354
4.19 1.0103699499
4.21 0.994334672623
4.23 0.928130690533
4.25 0.918198179246
4.2700000000000005 0.985901529486
4.29 1.08605131818
4.3100000000000005 1.13039795533
4.33 1.05417041994
4.3500000000000005 1.16349877259
4.37 0.990400990095
4.39 0.888916232755
4.41 0.98141776116
4.43 0.886228627755
4.45 1.01511388764
4.47 1.03173580239
4.49 0.942861935427
4.51 0.901972544552
4.53 1.02329130151
4.55 1.06557464358
4.57 1.07126165134
4.59 0.927472908329
4.61 1.06709681253
4.63 0.98075752898
4.65 1.11895118618
4.67 1.00780755317
4.69 0.988381576936
4.71 0.989205977705
4.73 1.18502801723
4.75 0.916147975975
4.7700000000000005 1.08088509379
4.79 1.00724719606
4.8100000000000005 0.963723408696
4.83 1.05766475757
4.8500000000000005 0.975280790202
4.87 1.00041379619
4.89 1.02534121522
4.91 0.862209794311
4.93 1.10337294267
4.95 1.01769072759
4.97 1.10876866898
4.99 1.00005370406
5.01 1.13768158845
5.03 0.91687058383
5.05 1.002221715
5.07 0.876983258881
5.09 1.11050759132
5.11 1.02748026107
5.13 1.06957694458
5.15 0.927653000156
5.17 0.965235586705
5.19 0.943288197806
5.21 0.894272582532
5.23 1.10339128788
5.25 1.13522683979
5.2700000000000005 0.996285414431
5.29 1.0193435707
5.3100000000000005 0.944240780118
5.33 0.971758434627
5.3500000000000005 1.08748365494
5.37 1.01296622111
5.39 0.996043957303
5.41 0.931158798815
5.43 0.858040544197
5.45 0.933003710076
5.47 1.08956872192
5.49 1.02528835713
5.51 1.04732058723
5.53 1.06063990457
5.55 1.00568143465
5.57 0.895918847983
5.59 1.06194818421
5.61 1.01600441321
5.63 1.06700568868
5.65 0.966952064869
5.67 1.00942421822
5.69 0.96015451081
5.71 0.940223630449
5.73 0.9740893477
5.75 1.00771947735
5.7700000000000005 1.13539079514
5.79 0.812860323543
5.8100000000000005 1.05430203495
5.83 1.01823162088
5.8500000000000005 0.98240784213
5.87 1.05964174782
5.89 0.891413265543
5.91 1.02445738504
5.93 1.00106076724
5.95 1.08116841885
5.97 0.911160570745
5.99 1.08579361764
6.01 1.05463391939
6.03 1.00014802428
6.05 1.16884581646
6.07 0.884460779219
6.09 1.06408098694
6.11 0.979311205906
6.13 0.9954068946
6.15 1.03831723152
6.17 0.969787920273
6.19 1.02778681982
6.21 1.02066825371
6.23 1.09711261604
6.25 0.900613292904
6.2700000000000005 1.01844513139
6.29 1.11296748999
6.3100000000000005 1.03447770663
6.33 0.993846561958
6.3500000000000005 0.938573371484
6.37 1.07671305449
6.390000000000001 1.02152649903
6.41 1.04047701775
6.43 1.05563148983
6.45 0.96068937993
6.47 0.859023400798
6.49 0.987565721573
6.51 0.94093622474
6.53 0.916323348864
6.55 0.938800821713
6.57 1.0331370593
6.59 1.10177870453
6.61 1.02688509525
6.63 0.941741722303
6.65 1.08472489391
6.67 1.00701031516
6.69 0.982788557122
6.71 0.916415109124
6.73 1.04020289927
6.75 1.05814353586
6.7700000000000005 0.981655409842
6.79 1.04842684947
6.8100000000000005 0.951579032378
6.83 0.955718056928
6.8500000000000005 0.942569730121
6.87 0.950153468533
6.890000000000001 1.06410353271
6.91 0.989147843405
6.93 0.996531497174
6.95 1.14339393936
6.97 0.987419328014
6.99 1.06918121535
7.01 0.995280307119
7.03 1.11692541137
7.05 0.93931298801
7.07 0.980143399516
7.09 0.974042775094
7.11 0.977955610934
7.13 0.995114691265
7.15 0.906329120349
7.17 0.979667513421
7.19 0.904576324013
7.21 1.0070349047
7.23 1.00097802264
7.25 0.919925197765
7.2700000000000005 1.01498960917
7.29 0.986251026799
7.3100000000000005 1.03531859534
7.33 0.938923972204
7.3500000000000005 1.10047499776
7.37 0.988381576936
7.390000000000001 1.04331289404
7.41 1.06283889353
7.43 0.977216912901
7.45 1.02856123069
7.47 0.952987725285
7.49 0.934654941531
7.51 0.96680714552
7.53 1.0396195329
7.55 0.977347610419
7.57 1.06849289743
7.59 1.08748947927
7.61 0.93545575662
7.63 0.936103390176
7.65 0.98621285919
7.67 0.986724762968
7.69 0.96570553667
7.71 0.907985150722
7.73 1.01578080749
7.75 1.10165830421
7.7700000000000005 1.01359539267
7.79 1.06867738449
7.8100000000000005 0.917556904764
7.83 1.05113596277
7.8500000000000005 1.0032657581
7.87 0.961649165434
7.890000000000001 0.88127558856
7.91 1.02854517723
7.930000000000001 0.891742394647
7.95 1.02931993336
7.97 1.00299736473
7.99 1.06264715135
8.01 0.992083380595
8.03 1.00728408886
8.05 0.978339900755
8.07 0.917301737029
8.09 1.05243526557
8.11 1.11399674476
8.13 1.01816675361
8.15 1.02727582129
8.17 1.01607665434
8.19 1.05402369893
8.21 0.967915697754
8.23 0.890847307453
8.25 1.02629093093
8.27 0.92085611249
8.290000000000001 1.02419188653
8.31 1.0331110681
8.33 1.09025386775
8.35 1.056486056
8.370000000000001 1.02287961969
8.39 0.997890100535
8.41 1.04894870007
8.43 1.00157172254
8.45 0.976810076648
8.47 1.0219722141
8.49 1.01956474128
8.51 1.08664731287
8.53 0.945467839903
8.55 1.05666825731
8.57 0.99072937448
8.59 0.974656338008
8.61 0.980632940879
8.63 0.915328709182
8.65 0.978832390767
8.67 0.935656492814
8.69 0.963440499826
8.71 1.02911158697
8.73 0.937353203916
8.75 0.997377866391
8.77 0.99240658743
8.790000000000001 1.01705476261
8.81 1.05232907964
8.83 1.04994554832
8.85 0.983435680425
8.870000000000001 1.04787708577
8.89 0.944426153279
8.91 1.01132020661
8.93 1.04878179488
8.950000000000001 1.03851058668
8.97 1.0177386663
8.99 0.941813145732
9.01 0.923973010562
9.03 1.02669094038
9.05 1.0949816894
9.07 0.980442143887
9.09 1.04853414108
9.11 1.02027110327
9.13 0.994722313073
9.15 0.956361408752
9.17 1.02133276208
9.19 1.05256569069
9.21 1.01946492806
9.23 0.991632328911
9.25 1.01249961387
9.27 0.997558644282
9.290000000000001 1.03614398053
9.31 0.975490302724
9.33 0.968329431943
9.35 1.0092591557
9.370000000000001 1.02477342795
9.39 0.987328987397
9.41 0.992770549324
9.43 0.890344485965
9.450000000000001 1.02861162071
9.47 0.976490879883
9.49 0.882223176342
9.51 1.1066770586
9.53 0.948007722983
9.55 0.926210379763
9.57 1.08738203045
9.59 1.02592623687
9.61 0.937654842963
9.63 0.923427855146
9.65 0.958276542227
9.67 0.997872609954
9.69 0.944557935588
9.71 0.98645483633
9.73 1.01359539267
9.75 0.948448064871
9.77 0.992500435679
9.790000000000001 0.992888643079
9.81 0.942647159276
9.83 1.03937350541
9.85 1.08048239828
9.870000000000001 0.987237120051
9.89 1.09763464667
9.91 0.942681217875
9.93 0.959836388967
9.950000000000001 0.955530128973
9.97 0.910914214479
9.99 0.906723139059
10.01 0.999419233336
10.03 0.905465076606
10.05 0.993088155873
10.07 1.02869363586
10.09 1.0993173684
10.11 0.968479870745
10.13 0.84282841635
10.15 1.05553727099
10.17 0.981370301527
10.19 1.07228246644
10.21 1.03543584188
10.23 1.05653035554
10.25 1.0636983194
10.27 1.05932397417
10.290000000000001 1.01589379492
10.31 1.06897774682
10.33 0.934116954332
10.35 1.07627182275
10.370000000000001 0.937355816369
10.39 1.03570783627
10.41 1.01554274213
10.43 0.995454982961
10.450000000000001 0.961864846317
10.47 1.03908855919
10.49 1.06867159609
10.51 1.01488127329
10.53 0.93434307802
10.55 1.01775865969
10.57 0.897244486671
10.59 0.973715183645
10.61 0.960734307162
10.63 0.938902724979
10.65 0.919373849129
10.67 1.00409590446
10.69 0.980093331051
10.71 0.989304435551
10.73 1.0227268827
10.75 0.954822574556
10.77 0.972813157747
10.790000000000001 0.940323436577
10.81 1.05016358908
10.83 0.947769406877
10.85 1.05719089343
10.870000000000001 0.981269749976
10.89 0.953406379457
10.91 0.990678784346
10.93 1.0689273766
10.950000000000001 0.926583550746
10.97 0.97232472035
10.99 0.957643205392
11.01 0.983828891587
11.03 1.01635222511
11.05 1.07230137017
11.07 0.982769396088
11.09 1.13027920253
11.11 0.962200966823
11.13 0.977471447861
11.15 0.969354756701
11.17 0.971853773996
11.19 1.05254499221
11.21 1.00636188407
11.23 0.968767338798
11.25 1.01539734004
11.27 0.994708522003
11.290000000000001 1.04112736082
11.31 1.0204662132
11.33 1.02283971664
11.35 0.998116109144
11.370000000000001 1.03380192645
11.39 0.988381576936
11.41 0.997013054961
11.43 0.920778550067
11.450000000000001 1.02864440724
11.47 1.05984197118
11.49 0.973604393717
11.51 0.897940430405
11.53 1.07278772263
11.55 1.01564306013
11.57 0.946431192064
11.59 1.03050322494
11.61 1.01650551439
11.63 1.00458952934
11.65 0.956172821072
11.67 0.999119594435
11.69 1.04394256012
11.71 0.961372003527
11.73 1.07667507184
11.75 0.964137688407
11.77 1.01675301072
11.790000000000001 0.990956422919
11.81 0.933205806069
11.83 0.953619333936
11.85 0.902114155392
11.870000000000001 0.890631840403
11.89 1.03433900458
11.91 0.980971975333
11.93 0.95355565441
11.950000000000001 0.98758401858
11.97 0.958272447265
11.99 1.00401456327
12.01 0.903880654083
12.030000000000001 0.951527068545
12.05 1.0618217848
12.07 0.999319401228
12.09 1.0035348925
12.11 0.910087578008
12.13 0.988527081231
12.15 1.01999119351
12.17 1.00859820914
12.19 1.02634502025
12.21 0.997546107177
12.23 0.966907570008
12.25 0.992358155875
12.27 1.02158079512
12.290000000000001 0.994901471681
12.31 0.993285059866
12.33 0.993592023205
12.35 0.938362266362
12.370000000000001 1.00567454482
12.39 1.07276951164
12.41 0.878558241246
12.43 0.960863425342
12.450000000000001 1.02770702866
12.47 1.01088596901
12.49 1.01116081607
12.51 0.984967332023
12.530000000000001 0.992832730999
12.55 1.03082516827
12.57 1.00284391675
12.59 0.965558968186
