0.01 0.0
0.03 0.0
0.05 0.0
0.07 0.0
0.09 0.0
0.11 0.0
0.13 0.0
0.15 0.0
0.17 0.0
0.19 0.0
0.21 0.0
0.23 0.254462525361
0.25 0.0
0.27 0.0
0.29 0.403630212642
0.31 0.566384330643
0.33 0.0
0.35000000000000003 0.668872923806
0.37 0.790897038285
0.39 0.300135286323
0.41000000000000003 0.285494540649
0.43 0.680539312012
0.45 0.650293120367
0.47000000000000003 0.996193716307
0.49 0.836091154758
0.51 0.803303266336
0.53 1.21469847012
0.55 1.27693921818
0.5700000000000001 0.821422888885
0.59 1.48795883474
0.61 2.01484261884
0.63 1.67218230952
0.65 1.62073054615
0.67 1.65970333706
0.6900000000000001 1.44195431038
0.71 1.4013358791
0.73 1.60346248858
0.75 2.18498488443
0.77 2.28024860389
0.79 1.7780166329
0.81 2.81793685493
0.8300000000000001 1.48078794879
0.85 2.27220066764
0.87 1.68179255267
0.89 2.5646391601
0.91 1.99375583058
0.93 1.38449503046
0.9500000000000001 1.54016791666
0.97 1.81009425257
0.99 1.59617402272
1.01 1.39072588118
1.03 1.76147359789
1.05 1.78366113015
1.07 1.80501922195
1.09 1.61081782109
1.11 1.47634113813
1.1300000000000001 1.45021120648
1.1500000000000001 1.32320513188
1.17 1.25056369301
1.19 1.52463681162
1.21 1.01574710537
1.23 1.33230785636
1.25 1.73238087266
1.27 1.01384281758
1.29 1.6786636363
1.31 1.16159229134
1.33 1.45215832142
1.35 0.997116117897
1.37 1.62335946836
1.3900000000000001 1.26315929856
1.41 1.32825828841
1.43 1.92359433507
1.45 1.61452085057
1.47 1.71199617403
1.49 1.92469306095
1.51 1.51160851158
1.53 1.10932355827
1.55 1.54811717042
1.57 1.23017233598
1.59 1.43555273741
1.61 1.52677515217
1.6300000000000001 1.32851293916
1.6500000000000001 1.6671150904
1.67 1.54201242913
1.69 1.41987077761
1.71 1.47171600925
1.73 1.1502294499
1.75 1.50496407856
1.77 1.05810406026
1.79 1.37324468994
1.81 1.58441583471
1.83 1.37521004143
1.85 1.51852231351
1.87 1.18930613458
1.8900000000000001 1.39348525793
1.9100000000000001 0.888620441968
1.93 1.3342801848
1.95 1.05047350213
1.97 1.15864408756
1.99 1.38228135636
2.0100000000000002 1.51411532503
2.0300000000000002 1.1243984495
2.05 1.31327488699
2.07 1.35713346859
2.09 1.23213433333
2.11 1.35914344115
2.13 1.1265641381
2.15 1.63329434883
2.17 1.05185661405
2.19 1.36294311529
2.21 1.61543404109
2.23 1.33849570515
2.25 1.24856279111
2.27 1.54695279735
2.29 1.55899966411
2.31 1.19079649314
2.33 1.25593091916
2.35 1.2950518312
2.37 1.06187104465
2.39 1.32235337447
2.41 1.18995546092
2.43 1.27650131035
2.45 1.60051735339
2.47 1.16104966025
2.49 1.10471481894
2.5100000000000002 1.21249872642
2.5300000000000002 1.2260467131
2.5500000000000003 1.19347913856
2.57 1.43469338229
2.59 0.971673504178
2.61 1.23331453863
2.63 1.33520260456
2.65 1.3472110305
2.67 1.27135958364
2.69 1.08785094485
2.71 1.31738348001
2.73 1.13622644108
2.75 1.02155137454
2.77 1.24659078309
2.79 1.17472305615
2.81 1.54126412158
2.83 1.55105249558
2.85 1.14999204444
2.87 1.10119322822
2.89 0.972064456743
2.91 1.04583223482
2.93 0.998743700223
2.95 1.34908267683
2.97 1.20205698007
2.99 1.07657222268
3.0100000000000002 1.10830687956
3.0300000000000002 1.29414769499
3.0500000000000003 1.30485045792
3.0700000000000003 1.31541377117
3.09 1.04173169768
3.11 1.16676386227
3.13 1.10321292944
3.15 1.22626702698
3.17 1.31084323001
3.19 1.0090755316
3.21 1.112183561
3.23 1.05093810784
3.25 1.04447079641
3.27 1.18126640214
3.29 1.08513958383
3.31 1.22003633761
3.33 1.283010751
3.35 1.29282154676
3.37 1.42408404401
3.39 1.12218724311
3.41 1.2872371151
3.43 1.10910051141
3.45 1.30624096352
3.47 1.3324449815
3.49 1.17388156399
3.5100000000000002 1.00045095441
3.5300000000000002 1.12742036732
3.5500000000000003 0.824315223001
3.5700000000000003 1.03281848529
3.59 1.22269597841
3.61 1.19970974561
3.63 1.22534571441
3.65 1.17052761666
3.67 1.1800959623
3.69 1.3798902798
3.71 1.23047377493
3.73 1.00420599821
3.75 1.31099093066
3.77 1.22641487687
3.79 1.17361608003
3.81 0.998481562769
3.83 1.40585562314
3.85 1.20093093138
3.87 1.0737398034
3.89 1.30894476413
3.91 1.12262878836
3.93 0.908424740666
3.95 1.22979483776
3.97 1.44473181905
3.99 1.21746606745
4.01 1.0654428431
4.03 1.103723311
4.05 1.34393911543
4.07 1.049736069
4.09 1.08753177098
4.11 0.754719752835
4.13 1.02031462954
4.15 1.07180842008
4.17 1.29122950519
4.19 1.17332123866
4.21 1.15384551286
4.23 1.31442226457
4.25 0.991505745878
4.2700000000000005 1.0691001651
4.29 1.20054114529
4.3100000000000005 1.08633653518
4.33 1.08131881447
4.3500000000000005 1.1301645954
4.37 1.19195603985
4.39 1.06653996962
4.41 1.07497434183
4.43 1.00406432129
4.45 1.2757435822
4.47 1.19147665678
4.49 0.93850766592
4.51 1.1938862609
4.53 1.25321389422
4.55 1.10621291245
4.57 1.10137171808
4.59 1.08382186728
4.61 1.00294665636
4.63 0.973332899384
4.65 1.1579412982
4.67 1.04019049446
4.69 1.11062854886
4.71 0.969226688955
4.73 1.22497076162
4.75 1.15820627333
4.7700000000000005 1.26377719619
4.79 1.23406356245
4.8100000000000005 1.25326761451
4.83 1.07843641701
4.8500000000000005 1.29120056683
4.87 1.00948993634
4.89 1.29260718404
4.91 1.23966264901
4.93 0.997204054762
4.95 1.18235112794
4.97 1.18936910747
4.99 1.07904349432
5.01 1.26164653293
5.03 0.977378924449
5.05 0.880793058082
5.07 0.992755177839
5.09 1.06934251817
5.11 0.996437403616
5.13 1.2549516358
5.15 1.01142677556
5.17 0.996193716307
5.19 0.935971022956
5.21 1.01101233685
5.23 1.19738484687
5.25 0.981013621583
5.2700000000000005 1.05502963551
5.29 1.12848598204
5.3100000000000005 0.947884887315
5.33 0.988250333016
5.3500000000000005 1.31274125233
5.37 1.27515578351
5.39 1.18355760868
5.41 1.0493639447
5.43 1.0239422061
5.45 1.12757247477
5.47 1.18764685054
5.49 1.13001755343
5.51 1.10467216091
5.53 1.14301069258
5.55 1.13889173513
5.57 0.903638914119
5.59 1.39248813073
5.61 1.16844111467
5.63 1.12270854884
5.65 0.952995935689
5.67 1.07349975426
5.69 1.01829731151
5.71 0.953231771887
5.73 1.00097475072
5.75 1.24177712376
5.7700000000000005 0.933176262849
5.79 1.2230901694
5.8100000000000005 1.06777906511
5.83 1.17454314879
5.8500000000000005 1.04046899259
5.87 1.04689437606
5.89 0.993656720425
5.91 0.960585269172
5.93 1.29290993071
5.95 1.4066004133
5.97 1.08817894011
5.99 1.12362834654
6.01 1.11015098419
6.03 1.20352756605
6.05 1.0737897971
6.07 0.877413617102
6.09 1.07634723371
6.11 1.05366643071
6.13 0.945205824221
6.15 1.04681331571
6.17 0.977020620066
6.19 0.983318837906
6.21 0.933029259657
6.23 0.958216829049
6.25 1.05815696546
6.2700000000000005 1.10145341919
6.29 1.00490447217
6.3100000000000005 1.05737043026
6.33 1.10950484992
6.3500000000000005 1.142877358
6.37 1.05659871206
6.390000000000001 1.16320037023
6.41 1.05913575299
6.43 1.12865804406
6.45 0.943681179324
6.47 1.04026797462
6.49 1.1633132708
6.51 0.970944566816
6.53 1.08448577041
6.55 1.03649773689
6.57 0.988801867956
6.59 1.10125511734
6.61 1.08021459329
6.63 1.01516346845
6.65 0.976906507138
6.67 0.956428112564
6.69 0.936072159811
6.71 1.16006090176
6.73 0.93920492273
6.75 1.05781014246
6.7700000000000005 1.1324897916
6.79 1.0343395729
6.8100000000000005 0.945360042825
6.83 0.976867849922
6.8500000000000005 0.956927686614
6.87 0.988218366322
6.890000000000001 1.24018165481
6.91 1.20271289121
6.93 1.03877991955
6.95 1.0526327488
6.97 0.873277418456
6.99 0.904270261798
7.01 1.08536797551
7.03 1.18218294144
7.05 1.09581308794
7.07 1.01821002015
7.09 0.957554326747
7.11 1.11126039556
7.13 1.00964163288
7.15 1.113229062
7.17 1.02849706903
7.19 0.822136921299
7.21 1.08773024017
7.23 1.05234156408
7.25 1.1301645954
7.2700000000000005 0.982148344104
7.29 1.02762369638
7.3100000000000005 0.968767726512
7.33 1.02201592723
7.3500000000000005 1.01923493151
7.37 0.992645536517
7.390000000000001 1.03747711626
7.41 0.884609264953
7.43 1.03189177512
7.45 1.05268926599
7.47 0.940182824627
7.49 1.09395104361
7.51 0.989727079334
7.53 1.08036745495
7.55 0.937972461033
7.57 0.997345195174
7.59 0.840497432253
7.61 0.907504985322
7.63 0.836091154758
7.65 1.00986696339
7.67 1.08353925401
7.69 0.981781941153
7.71 0.994417106243
7.73 1.02970087882
7.75 0.913766720103
7.7700000000000005 1.03193232614
7.79 1.14949117682
7.8100000000000005 1.07910356466
7.83 1.0090755316
7.8500000000000005 0.909581969635
7.87 0.974200240042
7.890000000000001 0.99398416117
7.91 0.984071890113
7.930000000000001 0.981589993795
7.95 0.971758776096
7.97 1.00603691018
7.99 0.886319409362
8.01 1.00101300551
8.03 1.02767368586
8.05 0.952416880637
8.07 0.979065850367
8.09 1.09239598341
8.11 1.0752688957
8.13 1.12301542558
8.15 1.06281035132
8.17 0.845301461236
8.19 0.957574484937
8.21 1.09068651248
8.23 1.0595906129
8.25 0.808728171511
8.27 0.891695766018
8.290000000000001 0.988382788496
8.31 0.93670380876
8.33 0.990662628747
8.35 1.03034466856
8.370000000000001 0.881042292111
8.39 1.06728680184
8.41 0.876851841256
8.43 0.930312577892
8.45 0.983520245952
8.47 0.912099441554
8.49 0.971992897228
8.51 1.03160483255
8.53 1.07035350644
8.55 0.924100749996
8.57 1.01072396304
8.59 0.960677496794
8.61 1.0672057829
8.63 0.935879554457
8.65 1.07580283843
8.67 1.01931759006
8.69 0.990031988776
8.71 0.880247518844
8.73 0.931863337434
8.75 1.06350794885
8.77 1.06108261716
8.790000000000001 0.958793952214
8.81 0.983190052587
8.83 1.24608828954
8.85 1.03826460913
8.870000000000001 0.831378126828
8.89 0.954592263306
8.91 0.998429841372
8.93 1.05517887056
8.950000000000001 1.07897797067
8.97 0.972177340482
8.99 0.924443390244
9.01 0.928887065386
9.03 0.862016461882
9.05 0.950649500824
9.07 0.890478561738
9.09 0.90139640447
9.11 0.892993077475
9.13 0.948729941215
9.15 0.799540721763
9.17 0.98926816021
9.19 1.03169463492
9.21 0.851523890514
9.23 1.09063244889
9.25 1.0060210327
9.27 0.890207087105
9.290000000000001 1.00168940285
9.31 0.930387149656
9.33 0.928392750621
9.35 1.03281848529
9.370000000000001 1.05559854437
9.39 1.0097203083
9.41 1.06977019164
9.43 1.11094614731
9.450000000000001 0.92279690414
9.47 0.988830087993
9.49 0.992913310234
9.51 0.8308161317
9.53 1.01331089585
9.55 0.931519359856
9.57 0.954035048062
9.59 0.952045402498
9.61 0.998785271241
9.63 0.954168410259
9.65 1.09168378756
9.67 0.901802558855
9.69 0.91202100163
9.71 0.934252217212
9.73 0.908271686104
9.75 0.966435621961
9.77 1.10822727268
9.790000000000001 0.890748799196
9.81 0.972456684586
9.83 0.952616575106
9.85 1.09328467749
9.870000000000001 0.930966746787
9.89 0.911330904782
9.91 0.909491690039
9.93 0.901765988666
9.950000000000001 0.929363635339
9.97 0.85118608032
9.99 1.06624637754
10.01 1.00564810223
10.03 1.0269833526
10.05 0.826939908288
10.07 0.982220294021
10.09 0.928069468116
10.11 0.972545200787
10.13 1.01106778339
10.15 1.1301645954
10.17 0.949543051864
10.19 0.878757239201
10.21 0.854106830962
10.23 0.961137045939
10.25 0.964971547394
10.27 0.98588742786
10.290000000000001 0.881592714201
10.31 0.862852559323
10.33 0.985826743945
10.35 0.938683982443
10.370000000000001 0.90865451438
10.39 0.873107702514
10.41 0.978250745913
10.43 0.993208955652
10.450000000000001 1.04731418333
10.47 1.02854384654
10.49 0.976369556319
10.51 1.00235476213
10.53 0.922638102402
10.55 1.03183951042
10.57 0.924683594997
10.59 0.961623254481
10.61 0.976359039345
10.63 0.952498954292
10.65 0.884765006021
10.67 0.948928199074
10.69 0.930728226531
10.71 0.994565948797
10.73 0.92725859661
10.75 0.941866407825
10.77 1.02706462186
10.790000000000001 0.960071307456
10.81 1.09906154571
10.83 0.988949925434
10.85 0.976338703298
10.870000000000001 0.834552808567
10.89 0.849143082794
10.91 1.09435212557
10.93 0.958483272563
10.950000000000001 0.780351744441
10.97 0.938982955936
10.99 0.990528374427
11.01 1.03125503012
11.03 0.928569052202
11.05 0.895109353917
11.07 0.97808314852
11.09 0.93410003674
11.11 0.948222191715
11.13 0.920226113727
11.15 0.918575483927
11.17 0.932649578181
11.19 1.00420599821
11.21 0.93454256638
11.23 1.0214755693
11.25 1.00925492281
11.27 1.02304321421
11.290000000000001 0.933104388835
11.31 1.01942502424
11.33 1.01762550963
11.35 0.892076113138
11.370000000000001 0.84417998739
11.39 1.03795688571
11.41 0.984843568795
11.43 0.967759053145
11.450000000000001 1.04785223326
11.47 1.03581999208
11.49 0.927049722508
11.51 0.859336086949
11.53 0.888301530424
11.55 0.99824216659
11.57 0.849821260152
11.59 0.954399135241
11.61 1.00316535623
11.63 0.910857689663
11.65 0.954507498565
11.67 0.97794723757
11.69 1.01632637375
11.71 0.92962483646
11.73 0.967955488629
11.75 1.0260795278
11.77 0.944775901298
11.790000000000001 0.893532531802
11.81 1.02086659201
11.83 0.90040585897
11.85 0.977909148097
11.870000000000001 1.0157063565
11.89 1.12228888393
11.91 0.977896707454
11.93 0.892858450261
11.950000000000001 1.02849706903
11.97 1.06100456481
11.99 0.98113449103
12.01 1.05259769025
12.030000000000001 0.904896661259
12.05 1.02967574578
12.07 0.998876093754
12.09 1.00206458498
12.11 0.918250401179
12.13 1.10973351951
12.15 0.924861326745
12.17 1.04837724089
12.19 0.955434765035
12.21 1.03056280746
12.23 0.942738922658
12.25 0.883867792173
12.27 0.992134247211
12.290000000000001 1.02861662001
12.31 0.912840383424
12.33 0.920853031761
12.35 0.88144994615
12.370000000000001 0.950994547085
12.39 0.902222658524
12.41 0.858324038003
12.43 0.932278632739
12.450000000000001 0.841463628042
12.47 1.01846228074
12.49 0.8856273801
12.51 0.912281715623
12.530000000000001 0.962205463018
12.55 0.965335524497
12.57 0.856710745687
12.59 0.911133490332
