0.01 0.0
0.03 0.0
0.05 0.0
0.07 0.0
0.09 0.263176979117
0.11 0.215326619278
0.13 0.364398894162
0.15 0.315812374941
0.17 0.278657977889
0.19 0.249325559164
0.21 0.225580267815
0.23 0.102982296176
0.25 0.473718562411
0.27 0.175451319412
0.29 0.326702456835
0.31 0.382031098719
0.33 0.502428778315
0.35000000000000003 0.676740803445
0.37 0.320080109737
0.39 0.668064639298
0.41000000000000003 0.635476120308
0.43 0.550835537687
0.45 0.684260145705
0.47000000000000003 0.705538284442
0.49 1.16012709162
0.51 0.743087941037
0.53 1.47478420373
0.55 1.03356777253
0.5700000000000001 0.997302236655
0.59 0.602184613235
0.61 1.24254049157
0.63 0.827127648655
0.65 1.05675679307
0.67 1.30802886636
0.6900000000000001 0.892513233528
0.71 0.767290629258
0.73 1.36275202885
0.75 1.0737620748
0.77 1.01511120517
0.79 1.0793587498
0.81 0.964982256764
0.8300000000000001 1.17002777463
0.85 1.17036350713
0.87 1.06178298471
0.89 0.958082485775
0.91 0.858940250526
0.93 1.14609329616
0.9500000000000001 0.89757201299
0.97 1.00115778654
0.99 0.98093237671
1.01 0.586285349519
1.03 0.827857681884
1.05 0.812088964134
1.07 0.885455256843
1.09 0.825747952827
1.11 0.68283756744
1.1300000000000001 0.796517936798
1.1500000000000001 0.844454828646
1.17 1.01221915045
1.19 1.05491948772
1.21 1.03748280197
1.23 0.866558345874
1.25 0.890590897333
1.27 0.671412135701
1.29 0.991503967837
1.31 0.99444736384
1.33 0.979493268143
1.35 0.947437124822
1.37 0.829871934151
1.3900000000000001 0.903132511072
1.41 1.00791183492
1.43 0.761924960522
1.45 0.898431756297
1.47 0.934546823804
1.49 0.810726398757
1.51 0.95684875189
1.53 0.95982192384
1.55 0.901593392976
1.57 0.950454440507
1.59 0.878911798184
1.61 1.14751701454
1.6300000000000001 1.08984331843
1.6500000000000001 0.803886045304
1.67 1.04955609636
1.69 0.798874498741
1.71 0.844936617166
1.73 1.10899432241
1.75 0.933902308754
1.77 1.11069606441
1.79 0.979194793811
1.81 0.929116517436
1.83 0.970734759039
1.85 0.832208285317
1.87 0.987969194334
1.8900000000000001 0.91485330836
1.9100000000000001 0.954877730515
1.93 0.908165119648
1.95 0.959583754628
1.97 0.925795160042
1.99 0.964100591842
2.0100000000000002 0.98985968265
2.0300000000000002 0.956771480732
2.05 0.855004234596
2.07 1.00693800706
2.09 1.08796607635
2.11 0.886819109727
2.13 1.11201540472
2.15 1.1677713399
2.17 1.08060225066
2.19 0.940947829447
2.21 1.02889099528
2.23 0.892205364183
2.25 0.736895541529
2.27 1.03299862728
2.29 1.00329040511
2.31 0.984350259556
2.33 1.00639780426
2.35 0.836566822982
2.37 0.989412187315
2.39 1.13969947024
2.41 1.08110045364
2.43 1.13068628065
2.45 0.744414883789
2.47 1.16032279457
2.49 0.903679988535
2.5100000000000002 0.896479351177
2.5300000000000002 1.19833944642
2.5500000000000003 0.882416929982
2.57 1.10595773326
2.59 0.978530621197
2.61 0.961957234015
2.63 0.999672251476
2.65 0.813365833574
2.67 0.94034021752
2.69 0.889322951739
2.71 0.996382216142
2.73 0.832911758086
2.75 1.0421808373
2.77 0.974799929871
2.79 0.916874636925
2.81 0.944065462457
2.83 0.878806520374
2.85 0.922504568906
2.87 1.13890525458
2.89 1.00808621413
2.91 0.895344361946
2.93 1.0670793556
2.95 1.11604881653
2.97 0.972957316737
2.99 0.926840665587
3.0100000000000002 0.944289493179
3.0300000000000002 1.00059366318
3.0500000000000003 0.947437124822
3.0700000000000003 1.03384832839
3.09 0.988830008917
3.11 0.898694378851
3.13 0.983760592867
3.15 0.879763044478
3.17 0.978819111607
3.19 1.06920804055
3.21 0.929728019686
3.23 1.03396776006
3.25 0.991164992122
3.27 0.977859417821
3.29 0.97191498367
3.31 1.0018217332
3.33 0.938901655229
3.35 1.01814138787
3.37 0.878558164709
3.39 0.922283926818
3.41 0.944658716832
3.43 1.00820568676
3.45 0.796396423764
3.47 0.764502579107
3.49 0.956938643266
3.5100000000000002 1.02571540579
3.5300000000000002 1.04003367102
3.5500000000000003 0.920748755109
3.5700000000000003 0.98857235013
3.59 0.818121194136
3.61 1.04323062913
3.63 0.893931722456
3.65 0.927969238696
3.67 0.948727911096
3.69 0.917909951556
3.71 1.08533902439
3.73 0.939816987089
3.75 0.941120877324
3.77 0.917279974961
3.79 0.981184885205
3.81 0.8889994019
3.83 0.952384577171
3.85 0.898219611845
3.87 1.04658752161
3.89 0.974228405987
3.91 0.932898447715
3.93 1.07882471592
3.95 1.03138724981
3.97 0.990393971792
3.99 1.08041075638
4.01 0.868287140579
4.03 1.01679046274
4.05 1.10534331229
4.07 0.948601052494
4.09 0.897632972784
4.11 0.979709922262
4.13 0.883204099411
4.15 1.08441598624
4.17 1.01105400611
4.19 1.0118809388
4.21 1.01270001466
4.23 1.00231232472
4.25 0.958583443938
4.2700000000000005 0.981828870571
4.29 1.10976026859
4.3100000000000005 0.906769870045
4.33 0.96822385158
4.3500000000000005 0.974662329559
4.37 0.916000423884
4.39 1.05750385231
4.41 0.929175865047
4.43 0.876860544418
4.45 0.995341249111
4.47 0.853117321568
4.49 1.02867616559
4.51 1.03987001505
4.53 1.00390688723
4.55 0.978671315751
4.57 0.99511995605
4.59 0.985623588459
4.61 0.996761400301
4.63 1.04361324764
4.65 0.845562165164
4.67 0.943379578249
4.69 0.909054810597
4.71 0.875021548403
4.73 0.946435605663
4.75 1.02722130375
4.7700000000000005 1.07753593337
4.79 1.03842273597
4.8100000000000005 0.989786185495
4.83 0.921936746722
4.8500000000000005 0.927902338744
4.87 0.958137133419
4.89 0.954218372137
4.91 1.07575600222
4.93 1.02815184945
4.95 1.0144276286
4.97 1.05323744761
4.99 1.05376273402
5.01 0.988095604231
5.03 1.17252407595
5.05 0.942746842026
5.07 0.929684358184
5.09 0.995832734342
5.11 1.02901683811
5.13 0.941896556841
5.15 0.924441078103
5.17 0.930027738583
5.19 0.958390155167
5.21 0.977442331271
5.23 0.996348792834
5.25 0.812088964134
5.2700000000000005 0.921369120439
5.29 0.922363174449
5.3100000000000005 0.959034754411
5.33 1.07542112667
5.3500000000000005 0.951864401107
5.37 1.01007030533
5.39 1.04147772998
5.41 0.888769576428
5.43 0.964012912457
5.45 0.990897543392
5.47 1.06954739411
5.49 1.0095641494
5.51 1.05748426818
5.53 0.848067589127
5.55 1.03705955555
5.57 0.973802071743
5.59 0.936420414069
5.61 0.996413375482
5.63 0.997080810759
5.65 0.909707327816
5.67 0.856369535223
5.69 0.940776758391
5.71 0.970666756604
5.73 0.909407362395
5.75 1.04630012915
5.7700000000000005 1.08782858786
5.79 0.887710950287
5.8100000000000005 1.01103445334
5.83 1.03600543237
5.8500000000000005 1.00007252065
5.87 1.07333166611
5.89 0.965131196763
5.91 0.965872872598
5.93 1.05847739493
5.95 0.939475468311
5.97 1.09106034056
5.99 0.905522126813
6.01 0.981330466226
6.03 0.930939463445
6.05 1.04139783142
6.07 0.979434589499
6.09 1.09678681938
6.11 0.918750403367
6.13 0.919616785105
6.15 1.0321672742
6.17 1.01730485445
6.19 0.991059027985
6.21 1.01456632529
6.23 0.958082485775
6.25 1.01565259781
6.2700000000000005 0.94819265682
6.29 1.00919375776
6.3100000000000005 0.975965342527
6.33 1.02900951551
6.3500000000000005 1.00338813613
6.37 1.02626627336
6.390000000000001 0.85254514362
6.41 0.949654216378
6.43 0.939333074766
6.45 0.896025807972
6.47 1.00308258192
6.49 0.923349740293
6.51 0.986004073836
6.53 1.02288387902
6.55 0.972750330447
6.57 0.948158157642
6.59 1.14296284406
6.61 1.04633752061
6.63 1.06461637706
6.65 0.997302236655
6.67 1.00141405247
6.69 0.920529343998
6.71 1.06251331808
6.73 1.04527795718
6.75 1.00007252065
6.7700000000000005 0.881662317043
6.79 1.05348310639
6.8100000000000005 1.00517374843
6.83 1.02650581606
6.8500000000000005 0.971641722902
6.87 1.06879733877
6.890000000000001 0.90755950999
6.91 1.0454715017
6.93 0.95700719679
6.95 0.903132511072
6.97 1.0772509633
6.99 1.02672907304
7.01 0.976495467453
7.03 0.98045591509
7.05 0.950796830939
7.07 0.914605145249
7.09 0.93541041943
7.11 0.972755416484
7.13 0.993280856669
7.15 1.00375331756
7.17 1.09014731936
7.19 1.13323494763
7.21 0.975689410791
7.23 1.0876525776
7.25 0.940903075686
7.2700000000000005 0.964378916601
7.29 1.08194980304
7.3100000000000005 1.01094522211
7.33 1.05342599827
7.3500000000000005 0.873317893969
7.37 0.964149041543
7.390000000000001 0.971155104267
7.41 1.05483890415
7.43 1.07750251746
7.45 1.05235465878
7.47 0.9924625839
7.49 1.04040992679
7.51 1.03133135758
7.53 0.959390182838
7.55 1.03841618648
7.57 0.96683643187
7.59 1.05790904254
7.61 1.00221666949
7.63 0.971650786597
7.65 1.03103451819
7.67 0.914085361628
7.69 1.01027105638
7.71 1.01686669363
7.73 0.906990261796
7.75 1.03301209094
7.7700000000000005 0.944998419224
7.79 1.04899168185
7.8100000000000005 0.906798016395
7.83 0.958932211267
7.8500000000000005 0.959506387559
7.87 1.08347320501
7.890000000000001 0.996670232703
7.91 1.01211677683
7.930000000000001 0.913984111588
7.95 0.944457762795
7.97 1.00449732807
7.99 0.969374029465
8.01 1.02609451409
8.03 0.982243345473
8.05 0.994514745932
8.07 1.03020579558
8.09 0.983741884859
8.11 1.05725104558
8.13 1.06339037688
8.15 1.04915583454
8.17 1.07267973129
8.19 1.03824764289
8.21 0.923203044894
8.23 1.02456748614
8.25 1.05940696685
8.27 0.993835194418
8.290000000000001 1.0714382443
8.31 0.946297007945
8.33 1.05776293648
8.35 1.06657592495
8.370000000000001 1.03289889654
8.39 0.93727391371
8.41 1.12374379549
8.43 1.01992786569
8.45 1.00349849316
8.47 1.02350055397
8.49 1.004350309
8.51 0.912924139077
8.53 1.04406904728
8.55 1.01946450858
8.57 0.975628077778
8.59 1.00920252528
8.61 0.976597500906
8.63 0.924931376203
8.65 1.00494053413
8.67 0.978034863571
8.69 0.88311170438
8.71 1.02249241944
8.73 1.01743677494
8.75 1.16670114514
8.77 1.0290009822
8.790000000000001 1.01857574853
8.81 1.04583723484
8.83 1.00054939852
8.85 1.01434652629
8.870000000000001 0.870531292819
8.89 1.06306921486
8.91 0.98093237671
8.93 0.912425450557
8.950000000000001 1.09299310769
8.97 0.990214386311
8.99 1.05124419578
9.01 1.09097227192
9.03 0.983634888728
9.05 0.986695569221
9.07 0.937513582721
9.09 1.04489077848
9.11 0.956797096418
9.13 0.920975299321
9.15 1.01474140145
9.17 0.991864383675
9.19 1.07475865357
9.21 0.946408420018
9.23 1.0290419476
9.25 1.08827237311
9.27 0.947948148083
9.290000000000001 1.08868582427
9.31 0.989669821579
9.33 0.98247097349
9.35 0.947437124822
9.370000000000001 0.960581930183
9.39 1.08718157827
9.41 1.01439203322
9.43 0.951958298801
9.450000000000001 0.932398440301
9.47 0.955440817535
9.49 0.970898423488
9.51 0.971347209991
9.53 1.02647306546
9.55 0.964798538105
9.57 0.975157333281
9.59 1.05956863021
9.61 1.08201066024
9.63 1.06008671028
9.65 0.967073127409
9.67 0.94057873819
9.69 1.04863396942
9.71 0.983051393675
9.73 1.01511120517
9.75 0.971730384433
9.77 1.04489611259
9.790000000000001 0.979857087725
9.81 0.975444950123
9.83 0.922859661259
9.85 1.01717234467
9.870000000000001 1.01511120517
9.89 0.94600016255
9.91 1.03013471443
9.93 0.977968834787
9.950000000000001 1.04265693636
9.97 1.01205670806
9.99 1.0100305685
10.01 0.979617806385
10.03 1.05323269609
10.05 1.08884565092
10.07 0.940851166656
10.09 0.97889316415
10.11 1.03084157993
10.13 1.01477717713
10.15 0.987108137438
10.17 1.06202391573
10.19 0.950691324957
10.21 0.995226558641
10.23 0.944658716832
10.25 1.06066741535
10.27 0.95020471136
10.290000000000001 0.996696489427
10.31 1.05219738887
10.33 1.13729141799
10.35 1.07559287118
10.370000000000001 0.952462104752
10.39 0.980264590168
10.41 1.01478616155
10.43 1.04463345498
10.450000000000001 1.06530011643
10.47 0.986348105116
10.49 1.03414252423
10.51 0.99611610174
10.53 0.991974767442
10.55 0.929476231461
10.57 0.981498251353
10.59 0.986354513802
10.61 1.10281324143
10.63 1.04280473758
10.65 0.95633324806
10.67 0.992278338322
10.69 1.01036325753
10.71 0.979726065118
10.73 0.982314819539
10.75 1.04879086376
10.77 0.976467231711
10.790000000000001 0.946120020386
10.81 1.06049853935
10.83 1.0344823639
10.85 0.967084438471
10.870000000000001 1.00452740235
10.89 1.00920758934
10.91 0.996502383807
10.93 1.01851657975
10.950000000000001 0.960415715573
10.97 0.941391491391
10.99 1.05175003847
11.01 0.94657660064
11.03 1.04578848547
11.05 0.96244178517
11.07 0.984239108894
11.09 1.07003155892
11.11 0.972167706839
11.13 1.00021439503
11.15 1.04727915367
11.17 0.933017759449
11.19 0.927116757534
11.21 1.04378666294
11.23 0.984980270018
11.25 0.976912946484
11.27 1.07395823155
11.290000000000001 0.973451784583
11.31 0.982201617024
11.33 1.03482210235
11.35 1.03091176137
11.370000000000001 1.02076559183
11.39 1.0564048714
11.41 0.992276392781
11.43 0.961528490633
11.450000000000001 0.966054884917
11.47 0.982955691838
11.49 1.01216629305
11.51 0.983655398925
11.53 0.981949144981
11.55 0.931031287163
11.57 0.939657822588
11.59 1.05861180038
11.61 1.09555068051
11.63 0.890004349844
11.65 0.925072729172
11.67 1.01076197121
11.69 1.0130850351
11.71 1.04978622498
11.73 1.00155331183
11.75 1.03210171896
11.77 0.97802557915
11.790000000000001 0.98842041012
11.81 1.06295867095
11.83 0.900986276775
11.85 1.00940031231
11.870000000000001 0.989740551626
11.89 1.05979089656
11.91 1.02022511552
11.93 1.02248558106
11.950000000000001 1.03464891037
11.97 1.01511120517
11.99 1.00354057425
12.01 1.05511836341
12.030000000000001 0.972639109855
12.05 1.03392516111
12.07 0.93213055984
12.09 0.979566919792
12.11 0.99946401896
12.13 1.0700650132
12.15 1.04491008005
12.17 1.0217840808
12.19 1.00456315327
12.21 1.04365514569
12.23 0.993530754362
12.25 1.06731692429
12.27 1.00380461473
12.290000000000001 1.0310798653
12.31 1.02940467461
12.33 0.995077921042
12.35 0.960862347239
12.370000000000001 0.934416566114
12.39 0.952025198066
12.41 0.958125376029
12.43 0.992789103042
12.450000000000001 0.939827188077
12.47 1.05798411894
12.49 1.04680803223
12.51 1.05649463559
12.530000000000001 0.950839732214
12.55 1.00971884817
12.57 1.0118809388
12.59 1.02720546099
