0.01 0.0
0.03 0.0
0.05 0.0
0.07 0.0
0.09 0.0
0.11 0.0
0.13 0.0
0.15 0.0
0.17 0.0
0.19 0.0
0.21 0.0
0.23 0.0
0.25 0.0
0.27 0.0
0.29 0.0
0.31 0.189499398307
0.33 0.178014586288
0.35000000000000003 0.0
0.37 0.0
0.39 0.301255453719
0.41000000000000003 0.143280032866
0.43 0.546463381164
0.45 0.0
0.47000000000000003 0.249977929681
0.49 0.479549497756
0.51 0.691115452649
0.53 0.443357082831
0.55 0.961278765957
0.5700000000000001 0.515305381361
0.59 0.597404882798
0.61 1.34824162074
0.63 0.932457356748
0.65 0.994142997272
0.67 1.13982473907
0.6900000000000001 1.44733598417
0.71 1.48930513036
0.73 1.20708520839
0.75 1.09656985154
0.77 0.534043758865
0.79 0.817965757249
0.81 1.52301368269
0.8300000000000001 1.20320702298
0.85 0.898450088443
0.87 1.14788715986
0.89 1.25410275958
0.91 0.968321101239
0.93 1.64232811866
0.9500000000000001 1.1748962695
0.97 1.21123326753
0.99 0.771396540583
1.01 1.22142681483
1.03 0.969574591337
1.05 0.727316738264
1.07 1.15293559157
1.09 0.754520540048
1.11 0.899695341511
1.1300000000000001 0.935758090754
1.1500000000000001 1.634638288
1.17 1.25523105716
1.19 0.888577010548
1.21 0.922439219858
1.23 1.00296023006
1.25 0.657941910922
1.27 0.832603655553
1.29 0.819695071746
1.31 0.80718064317
1.33 0.839211621073
1.35 1.00083756291
1.37 1.11486507325
1.3900000000000001 1.43692349508
1.41 1.08323769529
1.43 0.862686072013
1.45 1.1748962695
1.47 1.1189488281
1.49 1.02507728212
1.51 1.32273089944
1.53 0.921487270198
1.55 1.1748962695
1.57 0.935426966165
1.59 0.591142777108
1.61 0.656774312144
1.6300000000000001 1.15327241178
1.6500000000000001 1.13929335225
1.67 0.879413375376
1.69 0.799485627176
1.71 0.893195994359
1.73 1.32430504366
1.75 1.04062241013
1.77 0.962485644508
1.79 1.21427826736
1.81 1.00612663963
1.83 0.738322792311
1.85 0.984372550124
1.87 0.753944130162
1.8900000000000001 1.02570309242
1.9100000000000001 1.26101432067
1.93 1.126195906
1.95 0.9640174519
1.97 1.22260779314
1.99 1.00368023023
2.0100000000000002 0.935240811545
2.0300000000000002 1.18647160221
2.05 1.06027224321
2.07 1.16354461473
2.09 0.983764818962
2.11 1.16932804074
2.13 0.910130912995
2.15 0.956310917037
2.17 0.947496991535
2.19 0.804723472262
2.21 1.24932408748
2.23 0.974689730305
2.25 1.22711388148
2.27 1.03515089824
2.29 0.949152008114
2.31 0.839211621073
2.33 1.08413175083
2.35 0.724935996076
2.37 0.79317891612
2.39 1.08149447402
2.41 1.04814397487
2.43 0.894468353325
2.45 1.10296384484
2.47 0.879983035862
2.49 1.06165325557
2.5100000000000002 1.05319386708
2.5300000000000002 0.812675285229
2.5500000000000003 1.03667317897
2.57 1.05146358749
2.59 0.975299992058
2.61 1.28293270808
2.63 1.16149441092
2.65 0.931049873946
2.67 1.18809735118
2.69 0.851690604286
2.71 1.10552970009
2.73 1.03287584132
2.75 1.15353451915
2.77 0.996753152827
2.79 1.24227383335
2.81 0.836225102849
2.83 0.954862692529
2.85 0.886325255941
2.87 1.02342880619
2.89 0.996019328817
2.91 1.1102971619
2.93 1.14281719047
2.95 0.896107324197
2.97 0.692278946677
2.99 0.962707645579
3.0100000000000002 0.995344015692
3.0300000000000002 1.06632499707
3.0500000000000003 1.13637508034
3.0700000000000003 0.880215446207
3.09 0.817484459363
3.11 1.0955624378
3.13 0.938415550721
3.15 0.951106503883
3.17 0.945105831934
3.19 1.06808751773
3.21 0.896727682331
3.23 0.872987940188
3.25 1.04836897894
3.27 0.862309188626
3.29 0.999911718726
3.31 1.11810370058
3.33 1.04082402253
3.35 0.929395556472
3.37 1.04590172359
3.39 1.09171777255
3.41 1.0508602997
3.43 0.97622576329
3.45 0.987593965669
3.47 1.10040716884
3.49 1.06043646101
3.5100000000000002 0.769875048392
3.5300000000000002 0.898645871858
3.5500000000000003 1.09215709559
3.5700000000000003 1.1189488281
3.59 1.19453241885
3.61 0.764821671283
3.63 0.98717179669
3.65 0.933479227824
3.67 0.912385386399
3.69 1.09848025197
3.71 1.12422688861
3.73 0.881959666115
3.75 0.751933612482
3.77 0.841437646594
3.79 0.68199783454
3.81 1.01762669012
3.83 0.874270069996
3.85 1.11386269706
3.87 0.986669993769
3.89 1.07220610713
3.91 0.946527685149
3.93 1.25561433382
3.95 1.07079153676
3.97 0.887830934133
3.99 0.868657642866
4.01 0.908273924055
4.03 1.31191891136
4.05 0.870293532965
4.07 1.05365390263
4.09 0.933597280167
4.11 1.0148130795
4.13 0.810763769512
4.15 1.16074089276
4.17 1.05656139344
4.19 1.163680076
4.21 0.990708255757
4.23 1.05546236977
4.25 0.953739324655
4.2700000000000005 1.00430243178
4.29 1.17763495545
4.3100000000000005 1.00861164667
4.33 1.04465372693
4.3500000000000005 0.945318837531
4.37 0.900664188292
4.39 1.00361298648
4.41 0.932457356748
4.43 0.848683535533
4.45 1.06928761606
4.47 0.867373084868
4.49 1.12517905543
4.51 1.06808751773
4.53 1.08930779954
4.55 0.994142997272
4.57 0.96408337213
4.59 0.75510762419
4.61 1.10863313934
4.63 1.10384422729
4.65 0.998030164416
4.67 1.18244378301
4.69 1.00204372665
4.71 0.947899325714
4.73 1.01840902853
4.75 1.08832496543
4.7700000000000005 1.09607723256
4.79 1.00565233924
4.8100000000000005 1.06253612731
4.83 0.985161468217
4.8500000000000005 0.82363862192
4.87 1.02532015306
4.89 1.06917963176
4.91 0.909288355216
4.93 0.977094260641
4.95 1.06808751773
4.97 1.11106890677
4.99 0.906483093705
5.01 0.879413375376
5.03 0.922632259351
5.05 0.977141451864
5.07 1.03122059158
5.09 1.00408620282
5.11 0.885195819488
5.13 0.950452147843
5.15 0.912540791847
5.17 1.0453622514
5.19 0.984739647849
5.21 0.69907455575
5.23 1.06706640156
5.25 0.973485480445
5.2700000000000005 1.11470234298
5.29 0.988334290981
5.3100000000000005 0.984611751278
5.33 0.947852525115
5.3500000000000005 1.0431322019
5.37 1.05018660961
5.39 0.980896699956
5.41 1.08585607163
5.43 1.07103803573
5.45 1.16411740465
5.47 0.955811407548
5.49 1.15563567492
5.51 0.906226705152
5.53 1.17914544227
5.55 1.05846510766
5.57 0.843731611851
5.59 0.998346561742
5.61 0.890072931442
5.63 0.876476790748
5.65 0.925360778635
5.67 1.1085881908
5.69 0.949828267085
5.71 0.94650137298
5.73 0.891936958523
5.75 1.0522983979
5.7700000000000005 1.01810768588
5.79 1.02473681537
5.8100000000000005 1.05154227219
5.83 0.99755343637
5.8500000000000005 0.994142997272
5.87 0.91069472338
5.89 0.987391601704
5.91 1.06356938102
5.93 0.911386650879
5.95 1.07616549055
5.97 1.033200237
5.99 1.16705055151
6.01 1.2120394128
6.03 0.896272444397
6.05 0.941858992907
6.07 1.02585670978
6.09 1.05142605399
6.11 0.92299543267
6.13 0.996649364015
6.15 1.00296023006
6.17 1.00923018288
6.19 1.13883321761
6.21 1.04056835463
6.23 0.980651781929
6.25 0.96811452607
6.2700000000000005 1.03061076272
6.29 1.07403077101
6.3100000000000005 1.07993634915
6.33 1.12292613436
6.3500000000000005 1.00837553839
6.37 0.8484337268
6.390000000000001 1.01125656999
6.41 0.879797518504
6.43 0.959285445551
6.45 1.10203448535
6.47 1.03507090203
6.49 0.977571626397
6.51 0.794092716715
6.53 1.21447929849
6.55 1.05830350993
6.57 0.903078563316
6.59 0.93599475188
6.61 1.08424617912
6.63 1.05439408802
6.65 0.9628849126
6.67 1.02164893
6.69 1.11518554729
6.71 1.1468808592
6.73 0.96889662641
6.75 0.887699403624
6.7700000000000005 1.01523532889
6.79 1.11606493937
6.8100000000000005 1.08690844315
6.83 1.02351871209
6.8500000000000005 1.06340976218
6.87 1.10306854997
6.890000000000001 1.11691880482
6.91 0.816136337715
6.93 0.957888011932
6.95 1.04810890229
6.97 1.10409907679
6.99 0.815199843646
7.01 0.9972372045
7.03 1.0863194526
7.05 0.933250937477
7.07 1.01370116605
7.09 0.93627135722
7.11 1.01626048628
7.13 0.99693161718
7.15 1.0598714599
7.17 0.934017954835
7.19 1.05397509573
7.21 1.15697136109
7.23 0.97501765104
7.25 1.13438260504
7.2700000000000005 1.09894011453
7.29 0.926701447139
7.3100000000000005 0.924166012263
7.33 0.905615814828
7.3500000000000005 0.831219129444
7.37 1.04417511062
7.390000000000001 1.00955227488
7.41 0.808633059982
7.43 1.04364944532
7.45 1.06450333143
7.47 0.943691782733
7.49 0.862740918861
7.51 1.04035422
7.53 0.91276801814
7.55 1.11265010953
7.57 0.954506216307
7.59 0.982950106896
7.61 1.11159699611
7.63 0.96239864802
7.65 1.04435223956
7.67 1.04162902642
7.69 1.00836350829
7.71 1.24194612146
7.73 0.965147647004
7.75 0.985396871196
7.7700000000000005 0.960179061949
7.79 1.02558339315
7.8100000000000005 1.15082669164
7.83 0.870293532965
7.8500000000000005 1.1748962695
7.87 1.06740893608
7.890000000000001 1.04981225602
7.91 1.09171777255
7.930000000000001 1.16304359591
7.95 0.99755343637
7.97 0.921342745846
7.99 0.955797966429
8.01 1.09275620572
8.03 0.980299502574
8.05 1.05813639179
8.07 1.02639636927
8.09 0.943983405657
8.11 1.06479501613
8.13 0.982693066743
8.15 1.02352926546
8.17 0.92754968645
8.19 1.01853034353
8.21 1.10191245739
8.23 0.985028464103
8.25 0.904314098345
8.27 1.09391792928
8.290000000000001 0.949554282952
8.31 0.968476467641
8.33 1.02962098048
8.35 0.970872366416
8.370000000000001 0.989607968936
8.39 1.04326307602
8.41 1.19445459028
8.43 0.989533038371
8.45 1.11232782912
8.47 1.00566681864
8.49 1.01713634639
8.51 0.994036796759
8.53 1.01236665661
8.55 1.05122297798
8.57 0.925385043074
8.59 1.01897289963
8.61 0.996137371355
8.63 0.993828825883
8.65 1.03227880326
8.67 1.02989753728
8.69 1.02752723225
8.71 0.87004373574
8.73 0.98244476144
8.75 1.04062241013
8.77 0.93107515086
8.790000000000001 1.0425700685
8.81 1.01353140161
8.83 0.958012813185
8.85 1.07532878904
8.870000000000001 1.05303555158
8.89 0.944939069398
8.91 0.949411126871
8.93 1.12490068357
8.950000000000001 1.03705927699
8.97 0.956158613977
8.99 0.986703763598
9.01 0.958433693768
9.03 0.96281643348
9.05 0.986653220798
9.07 1.05572266775
9.09 0.846597421919
9.11 0.960809792294
9.13 1.00374489618
9.15 0.988710521877
9.17 1.00577270617
9.19 1.06750640374
9.21 0.988647783784
9.23 1.03105739794
9.25 0.984372550124
9.27 1.05829383499
9.290000000000001 0.97381068624
9.31 0.97802858095
9.33 1.0829697661
9.35 1.00525884022
9.370000000000001 1.0219215151
9.39 1.05728152048
9.41 0.942663850664
9.43 1.02164893
9.450000000000001 1.00705394529
9.47 1.0607563996
9.49 1.08328159728
9.51 1.05011759104
9.53 0.992435988405
9.55 0.941147273476
9.57 0.957595705551
9.59 1.04748311827
9.61 0.929158340085
9.63 0.908928058961
9.65 0.998357451806
9.67 0.990217641825
9.69 1.00636109772
9.71 0.998238334027
9.73 1.0142989377
9.75 0.951967233751
9.77 1.14242728355
9.790000000000001 0.996081617658
9.81 0.880273963389
9.83 1.03983698318
9.85 1.11525686496
9.870000000000001 0.976104296851
9.89 1.03946838808
9.91 1.16185503947
9.93 1.02936531165
9.950000000000001 1.10404825325
9.97 0.983990356103
9.99 0.776207745617
10.01 0.974189713973
10.03 1.01324553651
10.05 0.812490455029
10.07 0.98005249889
10.09 0.948999464465
10.11 1.06914398412
10.13 0.956850367562
10.15 1.15174560409
10.17 0.883771530157
10.19 0.812857576054
10.21 0.932092045345
10.23 1.0508602997
10.25 0.916992210344
10.27 1.02388720663
10.290000000000001 0.964807918105
10.31 1.04840404262
10.33 1.03500058591
10.35 1.06705554911
10.370000000000001 0.934705325304
10.39 0.955521990115
10.41 0.987544895115
10.43 0.951857476251
10.450000000000001 1.08495205748
10.47 0.936999412641
10.49 1.16481612992
10.51 0.972559233556
10.53 0.892608751759
10.55 0.941030661355
10.57 1.08930779954
10.59 0.887551478378
10.61 0.908025392076
10.63 1.01684343174
10.65 1.08664115067
10.67 0.9579754025
10.69 1.11005166716
10.71 0.976337702948
10.73 1.05664016782
10.75 1.01095725515
10.77 1.00362541127
10.790000000000001 0.903766361156
10.81 0.945568690534
10.83 0.82991287735
10.85 1.02871101938
10.870000000000001 0.951157973471
10.89 1.08427066194
10.91 0.985362132534
10.93 0.913688773172
10.950000000000001 0.87983099634
10.97 1.00674794287
10.99 1.01026112346
11.01 1.04043947572
11.03 1.00659743851
11.05 1.02604063355
11.07 0.965813554876
11.09 1.04352824658
11.11 1.02049946001
11.13 0.918382528722
11.15 0.937809578348
11.17 1.12020100897
11.19 0.913458225619
11.21 1.05855952917
11.23 1.03051898972
11.25 1.07568280674
11.27 1.00601144638
11.290000000000001 0.926180407314
11.31 0.992065373453
11.33 0.990314154788
11.35 1.00409637129
11.370000000000001 0.981663549717
11.39 0.97993982092
11.41 0.93188529702
11.43 0.971370931479
11.450000000000001 0.98506586788
11.47 1.04480749337
11.49 1.00720002216
11.51 0.96461943934
11.53 1.04956041421
11.55 0.900245193515
11.57 0.797142239896
11.59 0.99344119423
11.61 0.966430609281
11.63 0.949615213528
11.65 1.02866454497
11.67 1.01683396075
11.69 1.04022039259
11.71 1.0735602121
11.73 1.07673784289
11.75 0.909919664041
11.77 1.1928640969
11.790000000000001 1.00648450568
11.81 0.885400236967
11.83 1.01797859361
11.85 0.951814699344
11.870000000000001 1.01949718415
11.89 0.874502269563
11.91 1.03087036241
11.93 1.15716941883
11.950000000000001 0.97826091059
11.97 0.966811048839
11.99 0.999494741362
12.01 1.03206957896
12.030000000000001 1.00105459372
12.05 0.989642915805
12.07 1.06100823012
12.09 0.869753648639
12.11 1.09146020082
12.13 0.94921545269
12.15 0.947652958118
12.17 0.965403672558
12.19 0.959000646559
12.21 0.885261726407
12.23 1.04712750103
12.25 1.00225845031
12.27 1.0485015608
12.290000000000001 1.00855619555
12.31 0.983056992354
12.33 1.04816374408
12.35 1.04170964786
12.370000000000001 1.03052744738
12.39 1.01464003904
12.41 0.998803839102
12.43 1.07281356869
12.450000000000001 1.10883784471
12.47 1.21540993397
12.49 0.931262855731
12.51 1.12230299125
12.530000000000001 1.04080994345
12.55 0.940853187929
12.57 1.01880424324
12.59 1.03584976898
