0.01 0.0
0.03 0.0
0.05 0.0
0.07 0.0
0.09 0.0
0.11 0.0
0.13 0.0
0.15 0.0
0.17 0.0
0.19 0.0
0.21 0.0
0.23 0.0
0.25 0.0
0.27 0.0
0.29 0.0
0.31 0.191360301606
0.33 0.0
0.35000000000000003 0.0
0.37 0.320657802691
0.39 0.152106906405
0.41000000000000003 0.289374114624
0.43 0.0
0.45 0.263651971102
0.47000000000000003 0.252432738289
0.49 1.21064680608
0.51 0.81421932252
0.53 0.783494065067
0.55 0.970718620875
0.5700000000000001 1.14480461136
0.59 0.703816702518
0.61 0.875238100789
0.63 0.753291346005
0.65 1.18643386996
0.67 1.41663745667
0.6900000000000001 1.28960203256
0.71 1.25327521474
0.73 1.13767631366
0.75 1.42372064395
0.77 0.847452764256
0.79 0.901089015158
0.81 1.02531322095
0.8300000000000001 1.35796647766
0.85 1.39580455289
0.87 0.477300982167
0.89 1.0664574112
0.91 1.17339613512
0.93 0.637867672021
0.9500000000000001 1.24887775785
0.97 0.917345775741
0.99 1.01865534289
1.01 1.05721829996
1.03 1.09428366647
1.05 0.960446466157
1.07 1.21969837099
1.09 1.08847144033
1.11 0.908530440959
1.1300000000000001 0.839953182271
1.1500000000000001 0.567424894328
1.17 0.760534532025
1.19 0.797602601653
1.21 1.27468101731
1.23 0.916351362976
1.25 0.806775031572
1.27 1.26116986177
1.29 1.14964522283
1.31 0.905674709892
1.33 0.936658318388
1.35 0.747013918122
1.37 0.952611136463
1.3900000000000001 1.45103422945
1.41 1.09387519925
1.43 0.871157736683
1.45 0.736407229629
1.47 1.04922723194
1.49 0.915703993592
1.51 0.982147243343
1.53 1.04685341467
1.55 1.03334562867
1.57 0.642336808576
1.59 1.156586477
1.61 1.06852739841
1.6300000000000001 1.01902295579
1.6500000000000001 1.11452878693
1.67 1.24326902541
1.69 1.01794621979
1.71 1.0754225137
1.73 0.960119894764
1.75 1.18643386996
1.77 0.837877026807
1.79 1.12678077035
1.81 1.212653403
1.83 0.842821874834
1.85 0.833710286998
1.87 1.01513058392
1.8900000000000001 1.00438846134
1.9100000000000001 0.776461956779
1.93 1.10651863519
1.95 1.09516972612
1.97 1.08405125174
1.99 0.983726575594
2.0100000000000002 1.21004449424
2.0300000000000002 0.876675273368
2.05 0.83918493241
2.07 1.03168162605
2.09 1.24887775785
2.11 0.899665493807
2.13 0.779815689174
2.15 1.13125089926
2.17 0.628755276706
2.19 1.0835012511
2.21 0.832114252686
2.23 0.957659625975
2.25 1.16006867285
2.27 0.914651661862
2.29 1.06209145564
2.31 0.898813537847
2.33 1.04385812593
2.35 1.00973095316
2.37 1.00121001684
2.39 0.794265352273
2.41 1.08305166552
2.43 0.927664342766
2.45 0.968517444864
2.47 1.00870895826
2.49 0.976782904986
2.5100000000000002 0.874463210925
2.5300000000000002 1.00823431637
2.5500000000000003 1.02359000545
2.57 1.2695304056
2.59 0.801644506729
2.61 1.36371709191
2.63 0.969898410802
2.65 1.09689169109
2.67 0.933150234799
2.69 0.948264989
2.71 0.985046570999
2.73 0.869182322314
2.75 1.01386167069
2.77 0.89946250069
2.79 0.935539252297
2.81 1.18221168537
2.83 1.02712472841
2.85 0.895029059793
2.87 1.05414856042
2.89 1.06737995221
2.91 0.917345775741
2.93 0.749113535639
2.95 0.965234334881
2.97 1.15847078211
2.99 0.9324814697
3.0100000000000002 1.35986606357
3.0300000000000002 1.05721829996
3.0500000000000003 1.03083598537
3.0700000000000003 0.985474387099
3.09 1.01749183022
3.11 0.991873974885
3.13 0.758104709239
3.15 0.866285047906
3.17 1.17894848277
3.19 0.966999392443
3.21 0.924013917413
3.23 1.41417040227
3.25 1.04041123981
3.27 0.888918342935
3.29 0.865483674134
3.31 0.878176127311
3.33 0.961973408074
3.35 1.00935418787
3.37 0.827335191217
3.39 1.36492392119
3.41 1.14816180964
3.43 0.916632581746
3.45 0.894124075911
3.47 1.26507357892
3.49 1.05385243463
3.5100000000000002 0.777435299403
3.5300000000000002 0.974690714697
3.5500000000000003 0.985909835599
3.5700000000000003 0.980386531198
3.59 1.14016625386
3.61 1.26531035993
3.63 0.996865923794
3.65 0.910141050927
3.67 0.840525357464
3.69 1.07711475999
3.71 1.13526691061
3.73 0.779293024503
3.75 0.980785332499
3.77 1.2116101855
3.79 0.907825388622
3.81 0.856349906138
3.83 1.06871980453
3.85 1.00153508503
3.87 0.919716178262
3.89 1.11323486513
3.91 1.09236878052
3.93 1.01133675938
3.95 1.05127051768
3.97 0.971261984223
3.99 0.966393503099
4.01 0.961573585378
4.03 1.22176192564
4.05 0.834897908489
4.07 1.04942553608
4.09 1.14582244165
4.11 0.96704463853
4.13 0.991088825994
4.15 0.943429342376
4.17 0.995807804521
4.19 1.10431792192
4.21 0.887711802938
4.23 0.869490542995
4.25 1.17247582443
4.2700000000000005 1.04195011999
4.29 0.981780941341
4.3100000000000005 0.922170177346
4.33 0.794609289349
4.3500000000000005 0.954601964334
4.37 1.11313017548
4.39 1.12157188162
4.41 0.793646239541
4.43 1.04449031441
4.45 0.826504493679
4.47 1.15458329627
4.49 1.04374471856
4.51 0.999656032337
4.53 1.04762372623
4.55 0.873528233925
4.57 0.973550768565
4.59 1.11147399582
4.61 1.06804784389
4.63 0.922497177505
4.65 1.04610298211
4.67 0.914595702752
4.69 0.999235348899
4.71 1.23429425962
4.73 0.890452481681
4.75 0.92416954081
4.7700000000000005 0.932731029841
4.79 1.01552794715
4.8100000000000005 1.23329924112
4.83 1.14221894313
4.8500000000000005 0.929577052751
4.87 1.04756994678
4.89 0.934104376143
4.91 0.966544904243
4.93 0.806197457274
4.95 1.12651296744
4.97 1.13391567048
4.99 1.02237788393
5.01 0.9354119334
5.03 1.06142195125
5.05 0.998483949965
5.07 0.830737719596
5.09 1.14214655458
5.11 0.986760067969
5.13 0.948222001331
5.15 0.956058361229
5.17 1.09005046079
5.19 1.08584988098
5.21 1.10445379449
5.23 0.862036081423
5.25 1.08473953825
5.2700000000000005 0.923032043042
5.29 0.975611972461
5.3100000000000005 0.916078882642
5.33 1.07958804302
5.3500000000000005 0.964670529779
5.37 0.983171456483
5.39 1.00153508503
5.41 1.15134525273
5.43 1.20172859756
5.45 0.805468865843
5.47 1.05195690481
5.49 1.05893004787
5.51 0.936658318388
5.53 1.0405432675
5.55 1.14367949627
5.57 1.01177035589
5.59 0.795908231188
5.61 0.962259199342
5.63 1.07474471346
5.65 0.91344908572
5.67 1.03577560076
5.69 0.927878861391
5.71 1.12202152325
5.73 0.962812826406
5.75 1.08326570735
5.7700000000000005 0.986981382288
5.79 1.13725526395
5.8100000000000005 0.806611667183
5.83 0.925947531443
5.8500000000000005 1.22699571167
5.87 1.07122649247
5.89 0.886300344281
5.91 1.01378867061
5.93 0.980358509746
5.95 1.13658370736
5.97 0.90423351898
5.99 0.911117830018
6.01 1.11536628374
6.03 1.09199137285
6.05 1.05896576823
6.07 1.1238871091
6.09 1.12019618264
6.11 1.00002200168
6.13 1.06450020959
6.15 1.18643386996
6.17 0.990297314471
6.19 0.996681118543
6.21 0.955260764862
6.23 0.856974705427
6.25 0.949147095967
6.2700000000000005 0.860968757306
6.29 1.03742230283
6.3100000000000005 0.874313390698
6.33 0.918408524928
6.3500000000000005 0.850121906821
6.37 0.912641438429
6.390000000000001 1.11402241311
6.41 0.740364349428
6.43 1.10709225813
6.45 1.21402535531
6.47 0.990223013566
6.49 1.11513815204
6.51 0.97502629866
6.53 0.981124486642
6.55 1.05963941057
6.57 0.89388853216
6.59 0.909179217495
6.61 1.07694451131
6.63 1.11843313533
6.65 1.03478442793
6.67 0.844911676507
6.69 0.939925188457
6.71 1.02553151204
6.73 1.03129838622
6.75 1.06339628344
6.7700000000000005 0.849956317474
6.79 0.856189390692
6.8100000000000005 1.15855877169
6.83 1.13779529257
6.8500000000000005 0.891990427779
6.87 0.958472777041
6.890000000000001 0.912641438429
6.91 1.07311312406
6.93 0.992974956098
6.95 1.04133044701
6.97 0.859611340501
6.99 0.958991611626
7.01 0.888556036702
7.03 0.945096681617
7.05 1.2200915684
7.07 1.04043705711
7.09 0.920364779234
7.11 1.00121001684
7.13 0.998401573597
7.15 0.879454477032
7.17 0.976284495503
7.19 0.998320572079
7.21 1.0202343958
7.23 0.992797360062
7.25 0.949147095967
7.2700000000000005 0.987334926169
7.29 0.903252123219
7.3100000000000005 1.01439284367
7.33 0.963067056787
7.3500000000000005 0.95237548745
7.37 0.91759471625
7.390000000000001 0.899056789143
7.41 1.00070333161
7.43 0.910184799295
7.45 0.923666637015
7.47 0.960900256124
7.49 1.14841729736
7.51 0.979479360019
7.53 1.11868266623
7.55 1.08429055665
7.57 0.728786987491
7.59 0.961339697002
7.61 1.02897024201
7.63 0.917425928277
7.65 0.922781898856
7.67 0.966781184777
7.69 1.05683641212
7.71 0.930988964105
7.73 0.959277061739
7.75 1.00272798042
7.7700000000000005 1.1375717286
7.79 0.997579184625
7.8100000000000005 0.941855312899
7.83 0.886416109739
7.8500000000000005 1.04285270098
7.87 1.07035330072
7.890000000000001 0.902231079816
7.91 1.05744105982
7.930000000000001 0.979967446182
7.95 0.932731029841
7.97 1.0569235228
7.99 0.883514584012
8.01 1.01461573149
8.03 0.945601091872
8.05 0.950620926861
8.07 0.904159640675
8.09 1.01191516721
8.11 1.06793677567
8.13 1.05801298367
8.15 1.01174422039
8.17 1.08187666232
8.19 0.876425508333
8.21 1.06938010203
8.23 0.893789792678
8.25 0.920385062756
8.27 1.02575600607
8.290000000000001 1.00896969641
8.31 0.956571230893
8.33 1.01836760747
8.35 1.09407674236
8.370000000000001 0.864665066517
8.39 0.926238599312
8.41 1.19207683724
8.43 0.96406548152
8.45 1.05304781357
8.47 0.917490182789
8.49 1.06206094366
8.51 1.08047737863
8.53 0.959717901842
8.55 1.04073146488
8.57 0.872174256795
8.59 1.03588521824
8.61 1.0334789808
8.63 0.941723291914
8.65 1.01498388875
8.67 0.978431622861
8.69 0.962526902555
8.71 1.04204582149
8.73 0.992092468579
8.75 0.996604450765
8.77 0.892869274997
8.790000000000001 1.03256190048
8.81 1.02348438271
8.83 1.06147537629
8.85 1.05237354567
8.870000000000001 0.976433737395
8.89 1.06765702583
8.91 1.01199746484
8.93 1.01637391995
8.950000000000001 1.06712767074
8.97 0.906028094673
8.99 1.02278781893
9.01 1.04685341467
9.03 0.926285579536
9.05 1.212653403
9.07 1.1249538348
9.09 1.08332245552
9.11 0.911639636631
9.13 0.909642616616
9.15 0.966003533463
9.17 1.00271128595
9.19 1.04571429235
9.21 1.03056145056
9.23 0.938349647963
9.25 1.12871546547
9.27 0.934300674293
9.290000000000001 0.983373605886
9.31 0.866568240141
9.33 0.928292309828
9.35 0.837482731735
9.370000000000001 1.0256258641
9.39 0.84655025865
9.41 0.863663337855
9.43 1.13233349201
9.450000000000001 1.01066588922
9.47 1.07743730535
9.49 1.05641371983
9.51 1.06042985222
9.53 0.902586102539
9.55 0.993871304677
9.57 0.973198106497
9.59 1.07632686847
9.61 1.20371802623
9.63 0.997935030806
9.65 0.915951536911
9.67 0.944730175665
9.69 0.955024167768
9.71 0.959166413921
9.73 0.963291631312
9.75 1.05866406858
9.77 1.19614878394
9.790000000000001 0.878615480817
9.81 1.08242437677
9.83 0.917283561718
9.85 0.915421057024
9.870000000000001 1.16599883876
9.89 0.983696434141
9.91 0.861990299062
9.93 1.00362985978
9.950000000000001 0.947954700117
9.97 1.0412533964
9.99 1.11636420196
10.01 1.05487127299
10.03 1.01728128431
10.05 0.944424971111
10.07 1.07804070607
10.09 0.887767662853
10.11 0.93882007514
10.13 0.95453465352
10.15 1.01694331711
10.17 1.00327741216
10.19 0.913984875287
10.21 0.987726532287
10.23 0.979996696104
10.25 0.983871989722
10.27 1.09748021077
10.290000000000001 1.02616729277
10.31 0.886085431492
10.33 1.0221937505
10.35 1.02021849687
10.370000000000001 1.02397137282
10.39 1.02770980073
10.41 0.923161800832
10.43 0.989642825373
10.450000000000001 1.05019266001
10.47 1.0141913215
10.49 0.955706978184
10.51 1.03290864987
10.53 0.968977329691
10.55 1.00087786186
10.57 1.00459632319
10.59 0.92427567773
10.61 0.939306739647
10.63 1.09937663397
10.65 0.907928266682
10.67 0.822831362483
10.69 1.07100905941
10.71 0.924997461639
10.73 1.07807364698
10.75 1.08710452271
10.77 0.969416718257
10.790000000000001 1.0445895982
10.81 1.12497198585
10.83 1.068119135
10.85 0.96226894522
10.870000000000001 0.87863777858
10.89 1.10036566452
10.91 0.984163750974
10.93 0.960653224989
10.950000000000001 1.09975376987
10.97 1.02744956833
10.99 1.06336429655
11.01 1.07759661213
11.03 1.10791195472
11.05 0.858956647934
11.07 0.986015501682
11.09 0.973539063717
11.11 1.14798956814
11.13 0.938060921441
11.15 1.06406625108
11.17 1.01967458833
11.19 1.06026261837
11.21 0.98957686745
11.23 1.01422663861
11.25 0.949147095967
11.27 0.926407990739
11.290000000000001 1.00358223721
11.31 0.996562490239
11.33 1.01574656122
11.35 0.930331404637
11.370000000000001 1.05391223277
11.39 0.927064217966
11.41 1.1022085032
11.43 1.0328098868
11.450000000000001 0.896301569881
11.47 0.92577010777
11.49 1.00676503325
11.51 1.07201670266
11.53 1.08044714957
11.55 1.10425663221
11.57 1.06133021211
11.59 0.895711506655
11.61 0.98614012447
11.63 0.882429318585
11.65 0.992938217347
11.67 0.925154088828
11.69 1.01491349013
11.71 1.15502528758
11.73 1.07213972903
11.75 0.918855167372
11.77 1.05841594176
11.790000000000001 0.991210654715
11.81 1.05985413447
11.83 0.907626925032
11.85 0.876058764737
11.870000000000001 0.979532596933
11.89 0.838187090635
11.91 1.00114696835
11.93 0.974606196613
11.950000000000001 1.0077241657
11.97 1.12002529077
11.99 1.07857624542
12.01 1.02738653185
12.030000000000001 1.11937027631
12.05 1.0141301959
12.07 0.92889810034
12.09 1.00096157763
12.11 1.02380131636
12.13 0.924303385911
12.15 1.09366743568
12.17 1.01387939586
12.19 0.968418130114
12.21 1.03970863297
12.23 1.00405482862
12.25 0.983045206537
12.27 0.962104075476
12.290000000000001 0.999153014977
12.31 1.04090055203
12.33 0.995911642666
12.35 1.01351233426
12.370000000000001 0.997486842972
12.39 0.943210138748
12.41 0.989491583728
12.43 1.10721101299
12.450000000000001 0.93389975306
12.47 0.913373308067
12.49 0.907161205613
12.51 0.953130327185
12.530000000000001 1.03682768364
12.55 1.04935585311
12.57 0.89194909078
12.59 0.975344762039
