0.01 0.0
0.03 0.0
0.05 0.0
0.07 0.3370504144
0.09 0.0
0.11 0.0
0.13 0.0
0.15 0.0
0.17 0.277570929506
0.19 0.372529405389
0.21 0.224700276267
0.23 0.205161121809
0.25 0.188748232064
0.27 0.436917203852
0.29 0.0813569965793
0.31 0.380540790452
0.33 0.214486627345
0.35000000000000003 0.47187058016
0.37 0.956494419243
0.39 0.665458510482
0.41000000000000003 1.38108462486
0.43 0.713292737451
0.45 1.04860128924
0.47000000000000003 1.05417895568
0.49 1.7815521904
0.51 1.11028371802
0.53 1.1129023117
0.55 1.02953581126
0.5700000000000001 1.28315684079
0.59 1.11969290207
0.61 1.12165957579
0.63 1.38565170364
0.65 1.08893210806
0.67 1.1620693392
0.6900000000000001 0.991612088742
0.71 1.26275225677
0.73 1.35743591553
0.75 1.54144389519
0.77 1.19499692378
0.79 1.5529917828
0.81 1.45639067951
0.8300000000000001 1.27916723537
0.85 1.52664011228
0.87 1.08475995439
0.89 0.954344993582
0.91 0.985224288246
0.93 0.964036669144
0.9500000000000001 1.09275292248
0.97 1.11886838595
0.99 0.810282814416
1.01 0.957757118146
1.03 0.687190165281
1.05 0.921271132693
1.07 0.79380097597
1.09 1.1039174123
1.11 0.765195535394
1.1300000000000001 1.04396146053
1.1500000000000001 0.902708935958
1.17 1.04860128924
1.19 1.16976320292
1.21 0.760452587861
1.23 0.920723083239
1.25 0.94374116032
1.27 0.910301512907
1.29 0.914477868527
1.31 0.810464736916
1.33 1.25950418013
1.35 0.768974278779
1.37 1.03329324123
1.3900000000000001 1.17118956946
1.41 0.886848962712
1.43 0.89094445205
1.45 0.960012559636
1.47 0.898801105066
1.49 1.0609170762
1.51 0.781242682384
1.53 1.15654553961
1.55 0.989406055174
1.57 0.901663528968
1.59 1.15741840417
1.61 1.2456210967
1.6300000000000001 1.12901549854
1.6500000000000001 0.829348292402
1.67 1.01720604106
1.69 0.963286095593
1.71 1.00720913309
1.73 1.24104690158
1.75 1.02463325978
1.77 0.999725805424
1.79 0.909471229917
1.81 1.06887810975
1.83 1.08298165938
1.85 1.04576723171
1.87 1.07243313673
1.8900000000000001 0.724034223526
1.9100000000000001 0.914094841147
1.93 0.965745487892
1.95 0.931641914675
1.97 1.22159388772
1.99 1.16189238331
2.0100000000000002 0.962522078933
2.0300000000000002 0.848437250041
2.05 1.01279539156
2.07 0.95741856844
2.09 1.09501067645
2.11 0.961631988004
2.13 1.14090774076
2.15 1.1302946455
2.17 0.956788273135
2.19 0.93727717977
2.21 1.05690469312
2.23 0.899304917345
2.25 0.90179710875
2.27 1.19526688807
2.29 0.947862300758
2.31 0.868160158303
2.33 0.799952271087
2.35 1.17465655061
2.37 1.00546262861
2.39 1.0464075627
2.41 0.851716607343
2.43 1.06801983164
2.45 1.03041126688
2.47 0.993411747705
2.49 1.07071035257
2.5100000000000002 0.892982173609
2.5300000000000002 0.923225048139
2.5500000000000003 0.915984067369
2.57 1.26688988448
2.59 0.920056536605
2.61 1.12995828582
2.63 0.995772517067
2.65 1.00606368977
2.67 0.989691104455
2.69 1.08758274981
2.71 1.08826240812
2.73 0.933370378338
2.75 1.02953581126
2.77 1.13283009316
2.79 1.05705775125
2.81 0.898401282511
2.83 1.00876926147
2.85 1.10103135371
2.87 0.937164566868
2.89 0.955170551535
2.91 0.916174837767
2.93 0.974340276439
2.95 1.01572141831
2.97 1.00888154344
2.99 0.899552611007
3.0100000000000002 1.09737344223
3.0300000000000002 0.97333040462
3.0500000000000003 0.997890243289
3.0700000000000003 0.960648575244
3.09 1.03078524792
3.11 0.933120279094
3.13 0.964847192659
3.15 0.966211187946
3.17 1.04942826187
3.19 0.909719143568
3.21 0.992251219962
3.23 0.993411747705
3.25 0.89292432861
3.27 0.851387285304
3.29 1.09003538274
3.31 0.862482480353
3.33 0.991920138474
3.35 0.87331271552
3.37 0.980146605673
3.39 0.974364029829
3.41 1.10010883058
3.43 1.00427266331
3.45 0.889031527837
3.47 0.917903866305
3.49 1.0140485247
3.5100000000000002 1.11581932061
3.5300000000000002 1.08944624031
3.5500000000000003 0.990263611885
3.5700000000000003 0.872365778447
3.59 0.926653924827
3.61 1.01301855852
3.63 0.974939215206
3.65 0.820925529867
3.67 1.0157432107
3.69 0.95269263474
3.71 1.07474566101
3.73 0.974102806228
3.75 0.887116690701
3.77 1.07641564705
3.79 0.946231242537
3.81 0.984611840491
3.83 1.0533925484
3.85 0.949869349673
3.87 0.981539578886
3.89 1.21303491044
3.91 1.00166900648
3.93 1.07461620673
3.95 0.94374116032
3.97 1.02813111294
3.99 1.03480390386
4.01 0.988457075647
4.03 1.05380526587
4.05 1.00782235022
4.07 1.02026071386
4.09 1.01527166391
4.11 0.912742363083
4.13 1.01686396209
4.15 1.09155604085
4.17 0.973162347572
4.19 1.10929002734
4.21 0.975124476815
4.23 0.948203293466
4.25 0.93263832314
4.2700000000000005 1.03877832635
4.29 0.978938965833
4.3100000000000005 0.892284275708
4.33 0.904509426173
4.3500000000000005 1.13357415234
4.37 1.0474015166
4.39 0.76853636632
4.41 0.957651177422
4.43 0.916046724464
4.45 1.02857182642
4.47 1.08202985383
4.49 0.972116451332
4.51 1.06197037442
4.53 1.10415632444
4.55 0.985224288246
4.57 1.07384114522
4.59 0.956077646076
4.61 1.08499526024
4.63 0.96820097441
4.65 0.928519528702
4.67 1.06095098323
4.69 0.9507840048
4.71 0.89665428714
4.73 0.99262415911
4.75 0.953675277797
4.7700000000000005 1.05849375424
4.79 1.02452067509
4.8100000000000005 0.897633224213
4.83 0.923225048139
4.8500000000000005 0.934011870007
4.87 0.935020759454
4.89 0.964970511574
4.91 0.961039878126
4.93 1.12464083507
4.95 1.03906855025
4.97 1.02539281001
4.99 1.04019566769
5.01 0.908892434839
5.03 1.1444972322
5.05 0.929725202493
5.07 1.01447521178
5.09 1.06147704181
5.11 0.988065598378
5.13 1.05779954617
5.15 1.00787890908
5.17 0.894454871483
5.19 1.01374893425
5.21 0.960043790728
5.23 0.996973214296
5.25 0.880825082965
5.2700000000000005 0.913297897084
5.29 1.04364570659
5.3100000000000005 0.986396128018
5.33 0.947282402948
5.3500000000000005 1.01430124707
5.37 1.03688507372
5.39 0.984887574545
5.41 0.933274530076
5.43 0.955907252626
5.45 0.922095720863
5.47 1.10419441061
5.49 1.15174239966
5.51 1.06620484991
5.53 0.917289102481
5.55 1.03301397278
5.57 0.991182367661
5.59 1.06360810555
5.61 1.01355445471
5.63 1.00995390603
5.65 0.935389468636
5.67 1.06108463793
5.69 0.953692736703
5.71 0.987540005764
5.73 0.918212385477
5.75 1.0668378334
5.7700000000000005 1.12856395255
5.79 0.876098227413
5.8100000000000005 0.954299366072
5.83 1.02387012676
5.8500000000000005 0.903410341503
5.87 0.916409644604
5.89 0.941337744801
5.91 1.02597918021
5.93 1.11800702382
5.95 1.08649192407
5.97 1.02357186149
5.99 0.92168377093
6.01 1.10312506676
6.03 1.01729975822
6.05 1.07633289359
6.07 0.99893524795
6.09 1.06538924092
6.11 0.973088266778
6.13 1.0199486439
6.15 1.08952231517
6.17 1.00951242433
6.19 1.18539378376
6.21 0.976414968608
6.23 0.95813207689
6.25 0.947516124961
6.2700000000000005 0.91815328197
6.29 0.990253045805
6.3100000000000005 0.987114367371
6.33 0.931813941864
6.3500000000000005 0.984611840491
6.37 0.959297333292
6.390000000000001 1.04490903118
6.41 0.997479931539
6.43 0.97603090453
6.45 0.925451602949
6.47 0.995522939595
6.49 0.959736773207
6.51 0.953164075131
6.53 0.99360191075
6.55 0.983363880791
6.57 0.983961483743
6.59 1.00961687106
6.61 0.967298995638
6.63 1.00352566821
6.65 1.0253428396
6.67 0.976283958952
6.69 0.966311950402
6.71 1.01969052345
6.73 1.03769458936
6.75 0.975199198997
6.7700000000000005 0.933983127643
6.79 0.983353270878
6.8100000000000005 1.02896888625
6.83 1.09158933624
6.8500000000000005 1.02640461962
6.87 0.961599435551
6.890000000000001 1.01702149715
6.91 1.02773548935
6.93 0.994128494998
6.95 1.06595224583
6.97 0.97149825327
6.99 1.00922248546
7.01 1.12750816229
7.03 1.00012398924
7.05 1.00063335793
7.07 0.987791313489
7.09 0.938416809627
7.11 1.01873606265
7.13 1.02580560904
7.15 0.983338691522
7.17 0.947689868104
7.19 1.00083815681
7.21 1.02096824556
7.23 1.06709322069
7.25 0.920961201278
7.2700000000000005 0.937899571294
7.29 1.01300062819
7.3100000000000005 1.02636692538
7.33 0.959191220243
7.3500000000000005 1.03362127083
7.37 0.957186590691
7.390000000000001 1.00887079385
7.41 0.977491687646
7.43 0.974860485256
7.45 1.0260809931
7.47 0.953848160698
7.49 0.973351196725
7.51 1.06186588611
7.53 1.04964571284
7.55 0.928116306672
7.57 1.04409936825
7.59 0.972961077668
7.61 0.961103021351
7.63 0.98332139247
7.65 1.02392831773
7.67 0.959736773207
7.69 1.01553421348
7.71 0.966998076073
7.73 0.940078516748
7.75 1.044203929
7.7700000000000005 0.950421438803
7.79 1.07518649523
7.8100000000000005 0.936490908128
7.83 1.12694506373
7.8500000000000005 0.979807701479
7.87 1.05826121218
7.890000000000001 1.02866590352
7.91 1.00220300211
7.930000000000001 1.00860105091
7.95 0.863612193878
7.97 0.929531757655
7.99 1.05122607345
8.01 1.01030966913
8.03 0.963720736566
8.05 0.899778062789
8.07 0.967714758568
8.09 0.944907713052
8.11 1.07349102391
8.13 1.03312377944
8.15 0.975585187202
8.17 1.05405606951
8.19 1.01403201597
8.21 0.98857173919
8.23 1.00050323497
8.25 1.1067509971
8.27 0.884400724604
8.290000000000001 1.00180002543
8.31 0.885822027737
8.33 1.11311607445
8.35 1.04546176443
8.370000000000001 1.04860128924
8.39 0.930805494833
8.41 1.0155597504
8.43 0.979565261305
8.45 0.985623164476
8.47 0.994437999511
8.49 1.05879087774
8.51 1.05075763737
8.53 1.12850642852
8.55 1.0541202434
8.57 0.982834288898
8.59 0.906387028247
8.61 1.06321594136
8.63 1.05255025123
8.65 1.0773923651
8.67 0.914351297196
8.69 0.966547333354
8.71 0.983289440861
8.73 0.983739353827
8.75 1.07316851945
8.77 1.0276770902
8.790000000000001 0.977024409432
8.81 1.07121584599
8.83 1.00199019003
8.85 1.06370825697
8.870000000000001 0.94427314519
8.89 0.875800289386
8.91 0.916202136562
8.93 0.982843537623
8.950000000000001 1.05973169399
8.97 0.986351547157
8.99 1.02089908611
9.01 1.02648872044
9.03 0.958895364998
9.05 1.02716579328
9.07 0.876628365567
9.09 1.0460057415
9.11 0.90644732742
9.13 0.958729382472
9.15 1.02367552089
9.17 1.10120288063
9.19 1.0731333107
9.21 0.937593009438
9.23 1.01735910565
9.25 0.97689963352
9.27 0.903527809907
9.290000000000001 1.05142314417
9.31 0.995945961347
9.33 1.01657006015
9.35 0.938694416147
9.370000000000001 1.09028794669
9.39 1.03268801089
9.41 1.06559509335
9.43 0.94073880244
9.450000000000001 0.901297774803
9.47 1.00154156929
9.49 0.972083228886
9.51 0.925382368032
9.53 0.992760244723
9.55 1.01538643165
9.57 1.0403834108
9.59 1.0923385693
9.61 1.05323870389
9.63 1.04860128924
9.65 0.909512206319
9.67 1.01742519093
9.69 0.952019591551
9.71 1.01323394401
9.73 1.04752359008
9.75 1.04295497461
9.77 1.03116037732
9.790000000000001 1.04592355357
9.81 0.952399336103
9.83 0.996064551202
9.85 1.02757603497
9.870000000000001 1.02310338555
9.89 0.970936936932
9.91 0.864223110989
9.93 0.959897856921
9.950000000000001 1.0362183092
9.97 0.991543495923
9.99 1.00372871155
10.01 0.971082312817
10.03 1.01148728549
10.05 1.07755520544
10.07 0.99575469994
10.09 1.04522373306
10.11 1.0104844768
10.13 0.992185918796
10.15 1.05531646991
10.17 1.06020086103
10.19 1.07432752303
10.21 0.901221969943
10.23 1.0147754412
10.25 1.03811527635
10.27 0.971768526814
10.290000000000001 0.99968694339
10.31 1.06411163809
10.33 0.970692142149
10.35 0.980214248641
10.370000000000001 0.907793449777
10.39 0.983252941334
10.41 0.917903866305
10.43 1.04734457629
10.450000000000001 1.03179356523
10.47 0.998274436537
10.49 1.10433009942
10.51 1.07529023738
10.53 1.01499227356
10.55 0.983995522608
10.57 0.910705755465
10.59 0.962455574264
10.61 0.980654692981
10.63 0.954394870502
10.65 1.02127857959
10.67 0.970717828914
10.69 1.0196642097
10.71 0.978107084925
10.73 0.956494419243
10.75 1.0029993262
10.77 0.898175199004
10.790000000000001 0.918376476678
10.81 0.984336871656
10.83 0.995590282239
10.85 0.911123378281
10.870000000000001 0.97673303161
10.89 0.981438809974
10.91 0.95368893607
10.93 1.05339818444
10.950000000000001 1.00407164545
10.97 0.954924966231
10.99 0.961774430899
11.01 0.951455665717
11.03 1.10374079493
11.05 1.04836404913
11.07 0.988924793108
11.09 1.08074957043
11.11 0.998106087647
11.13 0.994192731783
11.15 0.890840871064
11.17 0.923041376589
11.19 0.974102806228
11.21 1.00603986314
11.23 0.945421910383
11.25 1.01504604799
11.27 1.17234926748
11.290000000000001 1.02189864348
11.31 1.07641564705
11.33 0.964148625834
11.35 1.05599231155
11.370000000000001 1.03960932568
11.39 1.09992659379
11.41 0.951185218552
11.43 0.988740192024
11.450000000000001 1.03440624996
11.47 1.00791885039
11.49 0.950722709374
11.51 0.955220201366
11.53 0.998581279783
11.55 1.03157854104
11.57 0.995128967667
11.59 0.995447427516
11.61 1.07501953878
11.63 0.985937669638
11.65 1.00854742026
11.67 1.02097104962
11.69 0.986932051746
11.71 1.0396465387
11.73 1.11832925221
11.75 1.02606751686
11.77 0.956169357418
11.790000000000001 0.976559979296
11.81 1.04682550383
11.83 0.959297333292
11.85 0.925822024364
11.870000000000001 1.00376850455
11.89 1.03184483466
11.91 0.990492401679
11.93 1.03827348945
11.950000000000001 1.01284354654
11.97 0.98355647243
11.99 1.03111002504
12.01 1.00385456479
12.030000000000001 1.01591421664
12.05 1.06317728227
12.07 0.996909676394
12.09 0.991357546407
12.11 1.0793406334
12.13 1.00364888443
12.15 0.965101556953
12.17 1.01004343576
12.19 1.04128946729
12.21 0.921712803998
12.23 0.980009217994
12.25 1.03233726925
12.27 1.04411460891
12.290000000000001 1.02513787553
12.31 1.04072187257
12.33 1.02563921722
12.35 1.05072396392
12.370000000000001 0.974639718924
12.39 1.00353428468
12.41 1.02663220502
12.43 0.937667202731
12.450000000000001 0.983537474309
12.47 1.08034523365
12.49 1.07483731029
12.51 0.995794030074
12.530000000000001 0.949013457305
12.55 1.04901905868
12.57 1.00605660686
12.59 0.957608683327
