0.01 0.0
0.03 0.789162132086
0.05 0.946994558503
0.07 0.0
0.09 0.263054044029
0.11 0.215226036023
0.13 0.0
0.15 0.315664852834
0.17 0.278527811324
0.19 0.249209094343
0.21 0.225474894882
0.23 0.102934191142
0.25 0.757595646803
0.27 0.175369362686
0.29 0.734737157459
0.31 0.534593702381
0.33 0.286968048031
0.35000000000000003 0.676424684645
0.37 0.319930594089
0.39 0.849866911477
0.41000000000000003 0.519692135764
0.43 0.935982993869
0.45 0.683940514475
0.47000000000000003 0.805952815747
0.49 1.11126912477
0.51 1.06768994341
0.53 1.11673886616
0.55 1.37744663055
0.5700000000000001 1.41218486794
0.59 0.682157097227
0.61 1.24196007673
0.63 1.01463702697
0.65 0.837725955599
0.67 1.27208224277
0.6900000000000001 1.09796470551
0.71 1.23376051636
0.73 1.07023357639
0.75 1.16795995549
0.77 1.22986306299
0.79 0.929013649165
0.81 1.08144440323
0.8300000000000001 1.08390943443
0.85 1.25337515096
0.87 1.11571197985
0.89 0.957634946801
0.91 0.988620692943
0.93 0.840075818027
0.9500000000000001 1.02175728681
0.97 0.829840592503
0.99 1.24352820814
1.01 0.914177915387
1.03 0.873441583086
1.05 1.10482698492
1.07 0.818663520201
1.09 0.760202053844
1.11 0.959791782267
1.1300000000000001 0.900901903001
1.1500000000000001 0.926407720275
1.17 1.09268602904
1.19 1.15390093263
1.21 1.05656417684
1.23 1.05863212841
1.25 0.814415320313
1.27 0.913439633202
1.29 1.3580929715
1.31 0.957838007646
1.33 1.13924157414
1.35 0.666403578206
1.37 1.00229351082
1.3900000000000001 0.936775192764
1.41 1.15855717264
1.43 0.529787165596
1.45 0.767392142235
1.47 1.01463702697
1.49 0.921571885792
1.51 1.14454640349
1.53 0.882004735861
1.55 1.2066543568
1.57 0.965089995927
1.59 0.997620053769
1.61 1.07345656476
1.6300000000000001 1.29267662127
1.6500000000000001 1.11917538732
1.67 0.921476741059
1.69 1.00863325758
1.71 1.09375102517
1.73 0.903202902619
1.75 1.01463702697
1.77 1.02992346052
1.79 1.05809447877
1.81 1.00716272106
1.83 0.698602543158
1.85 1.17734458625
1.87 0.911545564335
1.8900000000000001 0.964531494772
1.9100000000000001 1.09077907262
1.93 0.907740898047
1.95 0.995558382016
1.97 1.04553967754
1.99 1.07072249077
2.0100000000000002 0.942283142789
2.0300000000000002 1.04962451066
2.05 1.00473812914
2.07 0.812036396784
2.09 0.974181005159
2.11 0.863964229914
2.13 1.02257628383
2.15 1.25531836825
2.17 1.2437486137
2.19 0.972939614901
2.21 0.899859082741
2.23 1.04042003064
2.25 0.894383749697
2.27 1.02208663803
2.29 0.992483380091
2.31 1.07613018012
2.33 1.05673212537
2.35 0.906696917716
2.37 1.05887577217
2.39 1.01039168376
2.41 1.06094826056
2.43 0.915817782915
2.45 0.946994558503
2.47 0.920156656036
2.49 0.979321681986
2.5100000000000002 0.886628371507
2.5300000000000002 1.20713733248
2.5500000000000003 1.04912142266
2.57 0.911988923072
2.59 1.1426092646
2.61 0.925224568653
2.63 1.00820713453
2.65 0.732580696201
2.67 0.931033976057
2.69 0.765692626299
2.71 1.15316680556
2.73 1.15339080843
2.75 0.972821682826
2.77 0.888875758884
2.79 0.899475118292
2.81 0.91834881563
2.83 1.00388115742
2.85 0.863924860389
2.87 0.989889782408
2.89 0.999423322988
2.91 0.935604589587
2.93 0.961538843531
2.95 1.03527371226
2.97 1.09207284945
2.99 0.989751837901
3.0100000000000002 1.15621428654
3.0300000000000002 1.12514204971
3.0500000000000003 0.970281309942
3.0700000000000003 1.00251866943
3.09 0.919412192722
3.11 0.982012042178
3.13 1.08919501936
3.15 0.98457370765
3.17 1.06798282229
3.19 1.03902224287
3.21 1.11367740136
3.23 0.938198943409
3.25 1.07083230846
3.27 1.04980283626
3.29 1.0002450124
3.31 1.05142145091
3.33 1.05221617611
3.35 1.0459342885
3.37 0.983525505864
3.39 0.991690466869
3.41 1.10390128154
3.43 1.03534390507
3.45 0.885234043818
3.47 0.907422739776
3.49 1.07859695417
3.5100000000000002 0.93755159282
3.5300000000000002 0.992600528743
3.5500000000000003 1.16707075872
3.5700000000000003 1.06105832886
3.59 0.969416435237
3.61 1.00339451143
3.63 0.991344165926
3.65 0.901590709808
3.67 1.01279390794
3.69 1.09712784217
3.71 0.969967472321
3.73 1.09805669317
3.75 0.9911876379
3.77 1.06756680998
3.79 0.993219886557
3.81 0.869942507811
3.83 1.01993539264
3.85 1.04538360354
3.87 0.9604531375
3.89 1.10766715712
3.91 0.932462672695
3.93 1.06024836067
3.95 1.00693092297
3.97 1.09727329197
3.99 0.937500878719
4.01 1.13355957128
4.03 1.04568878048
4.05 1.06975311238
4.07 1.05286250055
4.09 0.943521473325
4.11 1.08293781629
4.13 0.917186013078
4.15 1.10102379392
4.17 1.02761399934
4.19 1.02270892058
4.21 0.860392918355
4.23 1.00184412513
4.25 0.963706227183
4.2700000000000005 0.959192380685
4.29 0.943683388718
4.3100000000000005 1.14803864691
4.33 1.00057739149
4.3500000000000005 1.12115447731
4.37 1.03475950042
4.39 0.992294981575
4.41 0.869688880258
4.43 0.913860437382
4.45 1.02679747074
4.47 0.98512856757
4.49 0.986013265257
4.51 0.981640700887
4.53 0.956401789217
4.55 1.0510598946
4.57 0.973933134566
4.59 0.974847339636
4.61 0.986024702997
4.63 1.04823911713
4.65 0.99281687585
4.67 1.01391280354
4.69 0.974253463705
4.71 1.02540812067
4.73 1.1812405698
4.75 0.862263466427
4.7700000000000005 1.06214274381
4.79 0.939086461981
4.8100000000000005 1.07792000162
4.83 0.975424001771
4.8500000000000005 1.02021578725
4.87 1.06950104143
4.89 1.01187046384
4.91 0.877561148918
4.93 1.04688039429
4.95 0.990039765708
4.97 1.18612497519
4.99 1.03429265408
5.01 0.987634045545
5.03 1.03077439519
5.05 0.970435017872
5.07 0.97127647026
5.09 1.11164881868
5.11 0.931242202833
5.13 0.9368415954
5.15 0.901023948867
5.17 0.979965355511
5.19 0.866709856048
5.21 0.990618108223
5.23 1.03209731997
5.25 1.03267501856
5.2700000000000005 0.952385419368
5.29 0.989063314883
5.3100000000000005 0.989796572447
5.33 1.07491877654
5.3500000000000005 1.03107351463
5.37 0.983146119861
5.39 1.14201570135
5.41 1.06777574988
5.43 0.981002650383
5.45 0.964370605448
5.47 1.03442275815
5.49 1.02202964647
5.51 1.06988042227
5.53 0.984668844737
5.55 0.93419733474
5.57 1.00735058512
5.59 0.991040817038
5.61 1.04236923329
5.63 1.13117911295
5.65 0.951184799913
5.67 1.01881248798
5.69 0.95698044137
5.71 1.00338302608
5.73 1.02053951113
5.75 0.967581396732
5.7700000000000005 1.10373282599
5.79 0.915918743975
5.8100000000000005 0.965738856993
5.83 0.994912808033
5.8500000000000005 1.09673301433
5.87 1.10106266811
5.89 1.00085587889
5.91 0.845244720153
5.93 0.954180857851
5.95 0.966889402169
5.97 1.12227579588
5.99 1.10271903933
6.01 1.02814301069
6.03 1.02473291778
6.05 1.02134537095
6.07 1.02578076148
6.09 0.952437055966
6.11 0.94156987609
6.13 0.926911476512
6.15 1.03168512878
6.17 1.00148127945
6.19 0.963823217863
6.21 1.01409240162
6.23 0.90823314399
6.25 1.00381423201
6.2700000000000005 0.932646156102
6.29 0.895805663449
6.3100000000000005 0.840438910875
6.33 1.06218978916
6.3500000000000005 1.03647435931
6.37 1.11870236307
6.390000000000001 0.967001485796
6.41 0.967677746988
6.43 0.909438786743
6.45 0.895607256879
6.47 0.89649793985
6.49 0.959397414816
6.51 0.938266498056
6.53 0.957146108135
6.55 0.93615110936
6.57 1.04861269606
6.59 1.08854078614
6.61 1.08882884185
6.63 0.931996907124
6.65 1.05379845608
6.67 0.933506630009
6.69 0.983798532376
6.71 1.03379063205
6.73 1.02016501473
6.75 1.01012752907
6.7700000000000005 0.912723706681
6.79 1.12621223268
6.8100000000000005 0.910839112804
6.83 0.963632823074
6.8500000000000005 1.00920587986
6.87 1.0510674685
6.890000000000001 0.910571690868
6.91 0.911362346461
6.93 0.946311301246
6.95 1.01853011868
6.97 1.14128469031
6.99 1.10414959253
7.01 1.01994421066
7.03 1.09113171037
7.05 0.997366609487
7.07 0.954361560019
7.09 1.02513162715
7.11 1.06220557019
7.13 0.986175960293
7.15 0.970172746998
7.17 1.06982648869
7.19 0.968068150904
7.21 0.9095613478
7.23 0.913594335485
7.25 1.02863202044
7.2700000000000005 1.04859782613
7.29 0.993759721886
7.3100000000000005 1.07524689953
7.33 1.01094575993
7.3500000000000005 0.943773488576
7.37 0.973335655449
7.390000000000001 1.06040324379
7.41 1.02559127287
7.43 0.96547560978
7.45 1.02961824482
7.47 1.02686156946
7.49 1.02095875299
7.51 0.980410478344
7.53 1.08470492259
7.55 0.931315840647
7.57 1.01329668743
7.59 1.00750738602
7.61 1.00797055504
7.63 0.912242464613
7.65 0.940805051585
7.67 0.953785262639
7.69 0.954383332692
7.71 0.97647298834
7.73 0.900441139068
7.75 1.06613258361
7.7700000000000005 0.923228285799
7.79 1.04850167742
7.8100000000000005 1.02156583296
7.83 0.967555104473
7.8500000000000005 1.05255127681
7.87 1.01979401313
7.890000000000001 0.927190489789
7.91 0.972734612875
7.930000000000001 0.898629767054
7.95 0.997620053769
7.97 0.968382139498
7.99 1.06670225614
8.01 0.969457600465
8.03 0.999474331671
8.05 1.07345656476
8.07 1.02385718996
8.09 1.05351681416
8.11 1.04216108935
8.13 0.949324188413
8.15 1.14743205708
8.17 0.982347476538
8.19 1.06377899124
8.21 0.925655460656
8.23 1.02408889073
8.25 1.01873657051
8.27 0.953292587611
8.290000000000001 1.08236109069
8.31 0.977193542619
8.33 0.966320978065
8.35 1.06324239353
8.370000000000001 0.987159799634
8.39 0.936836094824
8.41 1.05847192032
8.43 1.05876912383
8.45 0.944192799454
8.47 0.950348730493
8.49 0.948109982011
8.51 1.04325193725
8.53 1.01027555479
8.55 0.958070518252
8.57 0.9779348708
8.59 1.04731645003
8.61 0.901899579527
8.63 1.0122856086
8.65 0.930572687547
8.67 0.958463350734
8.69 0.95353307099
8.71 0.986679175478
8.73 1.00611392098
8.75 1.04439971309
8.77 1.04201795776
8.790000000000001 0.856496784994
8.81 1.03997416044
8.83 0.954501876634
8.85 1.10215185905
8.870000000000001 1.02760119792
8.89 1.08654043833
8.91 0.999073944998
8.93 1.03395262547
8.950000000000001 1.06338495117
8.97 1.03989926435
8.99 1.05075313916
9.01 0.951198751882
9.03 0.956957402696
9.05 0.965306607977
9.07 0.978839469236
9.09 0.96366332961
9.11 1.08109148281
9.13 0.977592958805
9.15 1.08412765031
9.17 1.0765995935
9.19 1.04591890847
9.21 1.00251866943
9.23 0.938786588332
9.25 0.957232337514
9.27 0.929627883752
9.290000000000001 1.0193698154
9.31 1.01717997691
9.33 0.989624538629
9.35 1.02042461785
9.370000000000001 0.922233227998
9.39 1.09171630413
9.41 0.986243004605
9.43 1.01427837125
9.450000000000001 0.972047324601
9.47 1.00499422523
9.49 0.995392067552
9.51 0.911146184049
9.53 0.991214136524
9.55 1.01392872887
9.57 1.05139155529
9.59 0.994887401139
9.61 1.03962461938
9.63 0.971087358797
9.65 1.02795523319
9.67 0.976863569914
9.69 0.960187981145
9.71 0.985030385261
9.73 0.98787202146
9.75 1.00527114672
9.77 1.02259903707
9.790000000000001 0.911687815515
9.81 0.948442562415
9.83 1.023582623
9.85 0.882098992311
9.870000000000001 1.01223835787
9.89 1.02694809302
9.91 0.888703268827
9.93 0.967975304009
9.950000000000001 1.03265235776
9.97 1.03533005895
9.99 1.06880516988
10.01 0.912936812143
10.03 1.02441584843
10.05 1.06713565921
10.07 1.01094255252
10.09 0.952625844282
10.11 0.995234142838
10.13 0.87407691234
10.15 0.967987048716
10.17 1.02195332149
10.19 1.01297749634
10.21 1.05968783848
10.23 0.960417257524
10.25 1.05786221413
10.27 0.982034279266
10.290000000000001 0.964020213831
10.31 1.08155780081
10.33 0.990081435802
10.35 1.07737786728
10.370000000000001 0.904073879381
10.39 1.03221495429
10.41 1.03250607483
10.43 1.05095513084
10.450000000000001 1.03761604736
10.47 0.970058895888
10.49 1.02011806588
10.51 0.964114345955
10.53 1.00050469737
10.55 1.02104863535
10.57 0.998958309112
10.59 0.983658181637
10.61 1.02196868001
10.63 1.06236219286
10.65 0.980339437324
10.67 1.0250972025
10.69 0.961168471446
10.71 1.00800541241
10.73 0.959791782267
10.75 0.935982993869
10.77 1.02876846188
10.790000000000001 1.02905571811
10.81 0.989920306298
10.83 0.985906153936
10.85 1.04954926876
10.870000000000001 1.04979617571
10.89 1.01743217029
10.91 0.976506762893
10.93 1.04836543073
10.950000000000001 1.02266763966
10.97 0.975482088522
10.99 1.006020152
11.01 1.02999635223
11.03 0.970175748965
11.05 1.0391229884
11.07 0.988056653181
11.09 0.984139971754
11.11 0.956796932421
11.13 0.952950499123
11.15 1.02768019353
11.17 0.974972016364
11.19 1.00284946544
11.21 1.06864238761
11.23 1.02246741067
11.25 0.946994558503
11.27 0.98522725807
11.290000000000001 0.98348194849
11.31 1.01523510361
11.33 0.973741095019
11.35 0.951166340699
11.370000000000001 0.961986556791
11.39 1.02473291778
11.41 1.03538625042
11.43 0.890655424664
11.450000000000001 1.03383685426
11.47 1.01758569604
11.49 1.01581444156
11.51 1.00582176175
11.53 1.02666365839
11.55 0.944944786732
11.57 0.998559517177
11.59 1.03564762977
11.61 1.02570685385
11.63 0.993407877364
11.65 0.975445038802
11.67 0.945371602962
11.69 1.01058657975
11.71 1.01694761513
11.73 1.00714041921
11.75 1.06788748087
11.77 0.975557266088
11.790000000000001 0.919685131032
11.81 0.94218340918
11.83 0.932585511966
11.85 0.954986073765
11.870000000000001 0.927448335518
11.89 0.969693755238
11.91 1.02372417638
11.93 1.05574414318
11.950000000000001 1.00841052359
11.97 0.996836377372
11.99 0.957657132765
12.01 1.04279792142
12.030000000000001 1.0017045517
12.05 0.968606467515
12.07 1.01211514538
12.09 0.97910934502
12.11 1.01268204233
12.13 1.02467465625
12.15 0.999605367309
12.17 0.988235899178
12.19 1.04099483872
12.21 0.979181515242
12.23 1.05307653276
12.25 1.01850231088
12.27 0.991758767463
12.290000000000001 0.874563729781
12.31 1.04623281849
12.33 1.04837597109
12.35 0.966164488837
12.370000000000001 0.939721762783
12.39 0.999350593416
12.41 0.915707872848
12.43 0.94470897228
12.450000000000001 1.00784561447
12.47 0.951171358882
12.49 0.968603321447
12.51 1.0105817231
12.530000000000001 0.982516301719
12.55 1.037543839
12.57 0.930420270288
12.59 1.04364968223
