0.01 0.0
0.03 0.0
0.05 0.0
0.07 0.0
0.09 0.0
0.11 0.0
0.13 0.0
0.15 0.0
0.17 0.0
0.19 0.0
0.21 0.0
0.23 0.0
0.25 0.0
0.27 0.0
0.29 0.0
0.31 0.0
0.33 0.179846908517
0.35000000000000003 0.339139884632
0.37 0.320807998976
0.39 0.15217815336
0.41000000000000003 0.144754828806
0.43 0.138022046071
0.45 0.0
0.47000000000000003 0.126275488959
0.49 0.847849711579
0.51 0.698229174242
0.53 1.00782135527
0.55 0.53954072555
0.5700000000000001 0.832975155236
0.59 1.00592338662
0.61 1.36211920877
0.63 0.75364418807
0.65 1.18698959621
0.67 0.620069192051
0.6900000000000001 1.29020608284
0.71 1.33745306615
0.73 0.650405258198
0.75 0.870459037221
0.77 0.616617972058
0.79 1.50251847622
0.81 0.952522515478
0.8300000000000001 1.14408635779
0.85 1.18698959621
0.87 0.9550491004
0.89 1.46706579307
0.91 1.17394575449
0.93 1.14869960924
0.9500000000000001 1.18698959621
0.97 1.04014552245
0.99 1.19897939011
1.01 0.763904195581
1.03 0.92193366696
1.05 0.734803083369
1.07 1.27573648191
1.09 0.762286896649
1.11 1.22976399607
1.1300000000000001 1.15547659808
1.1500000000000001 0.722515406389
1.17 1.16669917576
1.19 0.997470248917
1.21 0.784786509892
1.23 1.30279345926
1.25 1.32942834776
1.27 0.700978107999
1.29 0.966154322497
1.31 0.860793981985
1.33 0.89247338061
1.35 1.23095217385
1.37 1.21298206912
1.3900000000000001 0.768554414813
1.41 0.88392842271
1.43 1.36960338024
1.45 1.06419756902
1.47 1.09009248632
1.49 0.756805447249
1.51 0.943302990366
1.53 0.930972232322
1.55 0.918959687389
1.57 0.982857627436
1.59 0.821187770964
1.61 1.06902789721
1.6300000000000001 1.01950026668
1.6500000000000001 1.0431120694
1.67 0.92400387729
1.69 0.842832849381
1.71 0.93709704964
1.73 1.1320999039
1.75 0.983505665432
1.77 1.00592338662
1.79 1.06099628712
1.81 1.37717024975
1.83 1.1999621601
1.85 1.18698959621
1.87 1.04734376136
1.8900000000000001 1.0362607586
1.9100000000000001 0.745752625892
1.93 0.953281800066
1.95 0.88263328949
1.97 1.08455902192
1.99 1.01401121284
2.0100000000000002 0.767704713967
2.0300000000000002 0.906322105481
2.05 0.92643090436
2.07 1.14684985141
2.09 1.16427209198
2.11 1.125108622
2.13 0.863771771891
2.15 1.07657195935
2.17 1.01194965576
2.19 1.05690854457
2.21 0.939923888402
2.23 1.1444070098
2.25 0.870459037221
2.27 1.35954755513
2.29 1.06258893984
2.31 1.0276966201
2.33 0.891515791146
2.35 0.909183520502
2.37 1.00167898414
2.39 1.2912857532
2.41 1.20669066835
2.43 0.903675206992
2.45 1.16276531874
2.47 0.961125179118
2.49 1.16792149025
2.5100000000000002 1.18226055399
2.5300000000000002 0.891415111779
2.5500000000000003 0.83787500909
2.57 0.969913677838
2.59 1.05408342521
2.61 0.727656457447
2.63 1.24114881733
2.65 1.00782135527
2.67 0.822445974903
2.69 1.10315018235
2.71 0.963607790282
2.73 0.760890766802
2.75 0.712193757727
2.77 1.00701283433
2.79 1.12742739425
2.81 1.01379894338
2.83 1.02760583418
2.85 1.04121894404
2.87 0.847849711579
2.89 0.924126848261
2.91 0.999355501965
2.93 1.11406873365
2.95 1.02604185435
2.97 0.99914949176
2.99 0.893219595811
3.0100000000000002 0.926719452191
3.0300000000000002 0.998951640376
3.0500000000000003 1.24536613373
3.0700000000000003 0.947271827595
3.09 1.1524170837
3.11 1.04958887125
3.13 1.13768970883
3.15 1.20583070091
3.17 1.08588953597
3.19 1.09768630371
3.21 0.979913529582
3.23 1.06571821332
3.25 1.1504668394
3.27 0.725987520618
3.29 1.01020391167
3.31 0.986169604103
3.33 1.01589199676
3.35 1.22242212147
3.37 1.03905617472
3.39 0.980404386251
3.41 0.974654213898
3.43 0.813243600903
3.45 0.963353875186
3.47 1.04331938572
3.49 0.884290243596
3.5100000000000002 1.03142970611
3.5300000000000002 0.907895725147
3.5500000000000003 0.852626329673
3.5700000000000003 0.881098719876
3.59 0.92578575749
3.61 0.904216451407
3.63 0.899234542584
3.65 1.00812815021
3.67 1.14817794729
3.69 1.14195476058
3.71 1.07181001275
3.73 0.970594710038
3.75 0.997071260817
3.77 1.149207434
3.79 1.0491860547
3.81 1.01252393378
3.83 0.914260916142
3.85 0.986588755292
3.87 0.90481119091
3.89 1.00695775514
3.91 0.834839230072
3.93 1.14772530931
3.95 1.12688885716
3.97 1.0763633618
3.99 1.21971362017
4.01 0.976824355984
4.03 1.06033810083
4.05 0.849943167657
4.07 1.09366363287
4.09 1.03027214341
4.11 1.06857944184
4.13 0.81910904339
4.15 1.14408635779
4.17 0.953576773934
4.19 1.03401241675
4.21 0.944516662068
4.23 1.10841818086
4.25 1.13113126227
4.2700000000000005 0.931244765177
4.29 1.0790814511
4.3100000000000005 1.17046537909
4.33 1.05540645391
4.3500000000000005 0.927761983245
4.37 1.01858374961
4.39 0.730039159401
4.41 1.00934489474
4.43 0.964596511594
4.45 1.06695694041
4.47 0.995796641117
4.49 0.872397698774
4.51 0.934326622295
4.53 0.864694407836
4.55 1.09568270419
4.57 0.96102002319
4.59 0.930972232322
4.61 1.04279997064
4.63 0.871655427023
4.65 0.931723016381
4.67 0.953150104024
4.69 1.07563023111
4.71 1.02065984388
4.73 0.953606863764
4.75 0.93709704964
4.7700000000000005 1.04514807214
4.79 0.954052180671
4.8100000000000005 0.974762766119
4.83 1.30249375982
4.8500000000000005 1.12580456548
4.87 1.0724341321
4.89 1.06804789843
4.91 0.991172575247
4.93 0.782498212512
4.95 1.0790814511
4.97 0.871732802046
4.99 0.880132566329
5.01 0.87661906307
5.03 1.14451283134
5.05 0.763904195581
5.07 1.06524707352
5.09 0.94446127007
5.11 0.894307230022
5.13 1.07592624218
5.15 0.979554521145
5.17 1.01020391167
5.19 1.06348778851
5.21 1.07079675666
5.23 0.987266681361
5.25 0.994810328253
5.2700000000000005 0.979773196113
5.29 1.06582241626
5.3100000000000005 1.00592338662
5.33 0.846258999175
5.3500000000000005 1.12042943194
5.37 1.09415242109
5.39 0.946949028517
5.41 1.08606256955
5.43 1.04927257124
5.45 0.827625773505
5.47 1.06329963829
5.49 0.962131822065
5.51 0.958639510552
5.53 0.94444018505
5.55 1.00519839679
5.57 0.93765784979
5.59 0.976771402964
5.61 0.962709922061
5.63 0.980373289943
5.65 0.819337951367
5.67 1.08859716055
5.69 1.0639098314
5.71 1.23688057749
5.73 1.04612521132
5.75 1.15602465022
5.7700000000000005 0.925728454584
5.79 1.05578521943
5.8100000000000005 0.878494881877
5.83 1.02818138265
5.8500000000000005 1.10582791442
5.87 0.818962157522
5.89 1.05801279798
5.91 1.04439016925
5.93 0.980817710191
5.95 1.13711608377
5.97 0.984187353642
5.99 0.852096037347
6.01 1.06651311473
6.03 1.08266049406
6.05 1.00060280011
6.07 0.909308339766
6.09 1.02326689329
6.11 0.87421492356
6.13 0.881044480059
6.15 0.974682513962
6.17 0.981142129769
6.19 0.958796119718
6.21 0.869694470654
6.23 1.08600974292
6.25 1.0350549279
6.2700000000000005 1.00335643699
6.29 1.00016611445
6.3100000000000005 0.987590393044
6.33 0.993845949434
6.3500000000000005 0.953330226878
6.37 1.04350733733
6.390000000000001 1.17027143288
6.41 0.962924477425
6.43 1.19068163228
6.45 1.00296020145
6.47 0.953994729567
6.49 1.0333576608
6.51 0.975483001494
6.53 0.927051598878
6.55 1.10544069265
6.57 1.04787513821
6.59 0.945629040987
6.61 1.12234265905
6.63 1.08315038568
6.65 1.1780648624
6.67 0.836409460598
6.69 1.04682191594
6.71 0.893337922633
6.73 1.11114925054
6.75 1.20457462727
6.7700000000000005 0.929253302794
6.79 0.917775460988
6.8100000000000005 1.18524658652
6.83 0.981916723073
6.8500000000000005 1.08301970457
6.87 1.01939426749
6.890000000000001 1.07673221717
6.91 0.953370804482
6.93 1.0533890356
6.95 0.973502258763
6.97 0.928133902346
6.99 1.02736581646
7.01 1.04136747742
7.03 1.13971262794
7.05 1.01020391167
7.07 0.906611572778
7.09 1.1049550543
7.11 1.13523618203
7.13 1.1237278786
7.15 0.962872679444
7.17 0.918799478239
7.19 0.957515946874
7.21 1.02071227413
7.23 1.00967994698
7.25 1.05601143387
7.2700000000000005 1.10208800198
7.29 0.903675206992
7.3100000000000005 1.07981953691
7.33 0.906840619206
7.3500000000000005 1.16276531874
7.37 0.885813131501
7.390000000000001 0.84326053858
7.41 0.744872013817
7.43 0.982501482732
7.45 1.13919135744
7.47 1.00902060722
7.49 0.86369736974
7.51 1.26443632086
7.53 1.04038928752
7.55 0.919720415607
7.57 1.05057203363
7.59 1.06344258949
7.61 1.00605557103
7.63 0.956747839672
7.65 1.06285996523
7.67 0.944020408981
7.69 0.96471846246
7.71 0.892936401819
7.73 0.836881410006
7.75 0.995539661338
7.7700000000000005 0.878402854339
7.79 0.807579571235
7.8100000000000005 1.07148228595
7.83 0.917150326574
7.8500000000000005 1.14918737977
7.87 0.995442355145
7.890000000000001 0.992919053865
7.91 0.96039613347
7.930000000000001 0.890616405732
7.95 0.985425325156
7.97 0.923379610603
7.99 1.24789894971
8.01 0.978043862046
8.03 0.931262074238
8.05 0.958438804394
8.07 0.941354822274
8.09 1.03439760856
8.11 1.04648281294
8.13 0.94170761323
8.15 1.04862884573
8.17 1.09691205035
8.19 0.978288128745
8.21 1.03373637185
8.23 0.959110670085
8.25 1.05749982208
8.27 0.983177597829
8.290000000000001 0.973646472163
8.31 0.914167679392
8.33 0.926222373994
8.35 0.902680710891
8.370000000000001 0.950158936035
8.39 1.05400148889
8.41 1.17852118054
8.43 1.09828218866
8.45 0.835809242302
8.47 0.917919935677
8.49 0.971681707146
8.51 0.913605388388
8.53 0.939294229124
8.55 1.00651164591
8.57 1.12881741063
8.59 0.953460793231
8.61 1.02017688873
8.63 1.02468974412
8.65 1.15268353852
8.67 1.03365299324
8.69 1.15420737491
8.71 1.04934786347
8.73 1.01975051221
8.75 0.936026081584
8.77 1.06247073321
8.790000000000001 1.07355714333
8.81 0.983544160311
8.83 0.947709700259
8.85 0.858387956582
8.870000000000001 0.930053854979
8.89 0.881229621484
8.91 1.01247148498
8.93 1.0833107737
8.950000000000001 1.16046468903
8.97 1.12479504658
8.99 1.14209788734
9.01 0.915602407732
9.03 1.05159654149
9.05 1.00336689624
9.07 0.889915022518
9.09 0.953247970554
9.11 1.10099474072
9.13 0.923069675038
9.15 1.00537370171
9.17 1.13262366051
9.19 1.08495240568
9.21 1.06970832232
9.23 0.990229673979
9.25 0.956007836948
9.27 0.979554521145
9.290000000000001 1.02855395581
9.31 0.949846669363
9.33 0.928727122437
9.35 1.06638637521
9.370000000000001 0.956432385421
9.39 1.01760023956
9.41 0.977595044701
9.43 1.10139543657
9.450000000000001 1.01113928566
9.47 0.958866991659
9.49 0.869291643168
9.51 1.1420562361
9.53 1.08361064922
9.55 1.05648288668
9.57 1.14729924399
9.59 0.984000760154
9.61 0.944898065662
9.63 0.992239485929
9.65 1.03323446717
9.67 0.889935322909
9.69 0.973845953548
9.71 0.953503486143
9.73 0.945443922984
9.75 1.12003120873
9.77 0.9051251271
9.790000000000001 0.976023110265
9.81 0.949833672809
9.83 1.02638978309
9.85 1.00622975922
9.870000000000001 0.962098963494
9.89 0.888141861675
9.91 0.988159855574
9.93 1.02203031698
9.950000000000001 0.864891916837
9.97 0.994118668843
9.99 1.03965555224
10.01 0.978288128745
10.03 0.946751422701
10.05 0.909434815007
10.07 1.00192766314
10.09 0.947003592616
10.11 0.886426454144
10.13 0.937405406682
10.15 1.02911413268
10.17 1.12629789611
10.19 0.978480138192
10.21 0.94749904105
10.23 0.823814871271
10.25 1.0190739948
10.27 0.970858092324
10.290000000000001 1.01511257985
10.31 0.99011741294
10.33 0.953728329966
10.35 1.07803886033
10.370000000000001 1.01300462165
10.39 1.01105466087
10.41 1.06042298221
10.43 0.984416108075
10.450000000000001 1.09044020322
10.47 0.969318151634
10.49 0.916550593833
10.51 0.943041211072
10.53 0.986339882891
10.55 0.967593414921
10.57 1.06121586416
10.59 0.963938671144
10.61 0.878215676744
10.63 1.06080914055
10.65 0.980798915179
10.67 0.962273665157
10.69 1.06040698258
10.71 0.908806226791
10.73 1.08964096204
10.75 1.02688402277
10.77 0.903743239455
10.790000000000001 1.01207639343
10.81 0.971772241116
10.83 0.920656750524
10.85 1.0174196539
10.870000000000001 0.933648670433
10.89 0.937383886815
10.91 1.05534363733
10.93 1.18373161928
10.950000000000001 1.01354819402
10.97 0.925137743628
10.99 0.858650344848
11.01 1.07810135896
11.03 1.06538504102
11.05 1.04197276771
11.07 1.04009025142
11.09 1.04356614635
11.11 0.956215741322
11.13 0.949165085919
11.15 1.1390841865
11.17 0.929826228008
11.19 0.986506098728
11.21 0.926508382413
11.23 0.930143227663
11.25 0.939040658336
11.27 0.968971098948
11.290000000000001 0.961997768408
11.31 1.0075243257
11.33 0.937648445374
11.35 0.852331736486
11.370000000000001 1.02830673023
11.39 0.97960511013
11.41 0.972686478928
11.43 1.09560282065
11.450000000000001 1.04185549711
11.47 0.998644254877
11.49 1.0433938139
11.51 0.974548365264
11.53 0.926531341362
11.55 1.0328351032
11.57 1.09260494379
11.59 0.993425287597
11.61 0.889475408013
11.63 1.00531792972
11.65 1.04944144558
11.67 1.05781420742
11.69 0.964619432336
11.71 1.03392774392
11.73 1.09288044664
11.75 0.88392842271
11.77 0.912681040417
11.790000000000001 0.951403874826
11.81 1.01009698915
11.83 0.953203817752
11.85 1.10685527748
11.870000000000001 1.07999053404
11.89 0.953385251793
11.91 1.04148121582
11.93 0.999936751209
11.950000000000001 1.04296156989
11.97 0.961887976879
11.99 0.994932897575
12.01 0.968567697158
12.030000000000001 1.01629200673
12.05 0.989978874848
12.07 0.904747662398
12.09 1.0308842647
12.11 0.936065288507
12.13 1.0176992416
12.15 0.986715631418
12.17 0.989970780735
12.19 1.10032669706
12.21 1.12282799642
12.23 1.00937790684
12.25 0.968971098948
12.27 0.919022099756
12.290000000000001 1.03825371516
12.31 1.06549431666
12.33 0.876042605476
12.35 1.05243207113
12.370000000000001 1.0555283394
12.39 0.852639822944
12.41 1.05212615297
12.43 0.935840550512
12.450000000000001 0.962939351143
12.47 0.985191846093
12.49 0.945600198743
12.51 1.16231994833
12.530000000000001 1.08467923995
12.55 0.98836982314
12.57 1.07650607771
12.59 0.947517509287
