0.01 0.0
0.03 0.0
0.05 0.0
0.07 0.0
0.09 0.0
0.11 0.0
0.13 0.0
0.15 0.0
0.17 0.0
0.19 0.0
0.21 0.0
0.23 0.0
0.25 0.0
0.27 0.217669254998
0.29 0.0
0.31 0.189582899514
0.33 0.0
0.35000000000000003 0.0
0.37 0.0
0.39 0.452082298842
0.41000000000000003 0.573372671702
0.43 0.136676043836
0.45 0.653007764994
0.47000000000000003 0.125044040105
0.49 0.359820605201
0.51 0.691419986464
0.53 1.33065733244
0.55 1.28226979308
0.5700000000000001 1.0310648921
0.59 1.29494760177
0.61 1.3488357113
0.63 1.77244964784
0.65 1.35624689653
0.67 2.2806539852
0.6900000000000001 2.21454807259
0.71 2.23494206892
0.73 1.69066393951
0.75 2.35082795398
0.77 1.75548840719
0.79 2.00861882144
0.81 1.81391045832
0.8300000000000001 1.62858563077
0.85 1.79769196481
0.87 1.62126065792
0.89 1.98103479268
0.91 1.54999645317
0.93 1.45346889628
0.9500000000000001 1.6703251252
0.97 1.75706213055
0.99 1.42474421453
1.01 1.33834264707
1.03 1.08411968751
1.05 1.28735816527
1.07 1.0985177355
1.09 1.13227951912
1.11 1.53545069066
1.1300000000000001 1.19621776419
1.1500000000000001 1.4309387546
1.17 1.40647826306
1.19 1.23467854726
1.21 1.65140806684
1.23 1.62455590316
1.25 1.17541397699
1.27 0.925522816527
1.29 1.32120175708
1.31 1.256167609
1.33 0.972146898262
1.35 1.30601552999
1.37 1.15825464886
1.3900000000000001 1.05702695772
1.41 1.25044040105
1.43 1.15075494251
1.45 1.45913459213
1.47 1.59920268978
1.49 1.34107634959
1.51 1.71252367508
1.53 1.26760330852
1.55 1.55457977602
1.57 1.4599090797
1.59 1.4045827398
1.61 1.09510618974
1.6300000000000001 1.29800316477
1.6500000000000001 1.38912560917
1.67 0.950184951459
1.69 1.46057358087
1.71 1.51222850841
1.73 1.25694558233
1.75 1.17541397699
1.77 1.72659680236
1.79 1.54314125471
1.81 0.974099980931
1.83 1.05979948745
1.85 1.46132548491
1.87 1.13141452331
1.8900000000000001 1.39930235356
1.9100000000000001 1.53849996988
1.93 1.52255696501
1.95 1.35624689653
1.97 1.073982314
1.99 1.0927215364
2.0100000000000002 1.31576191454
2.0300000000000002 1.27384765979
2.05 0.946064908309
2.07 1.19244896216
2.09 1.26539782212
2.11 1.05842964753
2.13 1.15885885055
2.15 1.33942522959
2.17 0.839581412135
2.19 0.966093679717
2.21 1.51580535494
2.23 1.10689208595
2.25 1.38437646179
2.27 1.139167731
2.29 1.38585927418
2.31 1.24665118772
2.33 1.05938598784
2.35 1.40049324918
2.37 1.68624789948
2.39 1.1803320271
2.41 1.34124001524
2.43 1.47531383943
2.45 1.10344985595
2.47 1.1183088445
2.49 0.967710302341
2.5100000000000002 1.28780415806
2.5300000000000002 1.41700103945
2.5500000000000003 1.10627197834
2.57 1.21200273892
2.59 1.36148337103
2.61 1.23846300258
2.63 1.2513913063
2.65 1.08670348816
2.67 1.36471285718
2.69 1.22347923255
2.71 0.932524003885
2.73 1.42083008208
2.75 1.3036409563
2.77 1.1032766571
2.79 1.1585621637
2.81 0.81567873848
2.83 1.12141969536
2.85 1.19603527483
2.87 0.921491793807
2.89 0.874442924058
2.91 0.929021356384
2.93 1.1433207626
2.95 1.03595808141
2.97 0.930041362264
2.99 1.27762388803
3.0100000000000002 1.32771014012
3.0300000000000002 1.20256875534
3.0500000000000003 0.88637775314
3.0700000000000003 1.16775655694
3.09 0.989021469312
3.11 1.28501849574
3.13 1.14537144723
3.15 0.914210870992
3.17 0.982601589597
3.19 1.14225182717
3.21 1.19006088013
3.23 0.96434892849
3.25 1.2477471448
3.27 1.1502522099
3.29 0.928898583639
3.31 0.763486420099
3.33 1.09422922783
3.35 1.22804445357
3.37 1.25563510895
3.39 1.17888127486
3.41 1.03408854281
3.43 0.942387299336
3.45 0.919889199383
3.47 1.03314485009
3.49 1.34717934325
3.5100000000000002 1.00462733076
3.5300000000000002 1.08218000714
3.5500000000000003 1.0429729655
3.5700000000000003 1.25114092789
3.59 1.0149814286
3.61 0.862838514965
3.63 1.13331926156
3.65 1.14321085433
3.67 1.04089793603
3.69 1.30601552999
3.71 1.02967531677
3.73 0.929616952311
3.75 0.908986808872
3.77 1.07564409035
3.79 0.945913622643
3.81 1.01807509818
3.83 1.15086224901
3.85 0.992232577978
3.87 1.13896703197
3.89 1.14821930914
3.91 1.09725345678
3.93 1.2113044801
3.95 0.922476792068
3.97 0.962240661264
3.99 1.07525338747
4.01 0.894018112174
4.03 1.13749739709
4.05 1.10285755866
4.07 0.909718434279
4.09 0.962747389466
4.11 1.2154524093
4.13 1.06726450695
4.15 1.10460590609
4.17 0.944277415567
4.19 1.06600790276
4.21 0.9492654446
4.23 1.04203366754
4.25 1.39666837266
4.2700000000000005 1.07356311716
4.29 0.986361379292
4.3100000000000005 0.913604831303
4.33 0.86866621856
4.3500000000000005 0.932224878302
4.37 1.03554778293
4.39 1.1914788605
4.41 1.05280843744
4.43 1.1276544926
4.45 1.16220707837
4.47 0.894050899724
4.49 1.17803182549
4.51 0.951277387142
4.53 1.12870878585
4.55 1.21416388832
4.57 1.1188294967
4.59 1.24199516087
4.61 1.07087607448
4.63 1.07894371538
4.65 0.985831077475
4.67 1.03194803119
4.69 1.01501633407
4.71 0.960794864418
4.73 1.03128287622
4.75 1.10117730476
4.7700000000000005 1.05959750546
4.79 1.12879004053
4.8100000000000005 1.07522276481
4.83 1.10727403629
4.8500000000000005 1.0300019386
4.87 0.989568235248
4.89 1.18983623438
4.91 0.933628209829
4.93 0.9656037742
4.95 1.17541397699
4.97 0.886881773382
4.99 1.14243643054
5.01 1.13787580607
5.03 1.02819512898
5.05 1.1288629284
5.07 1.1939609431
5.09 0.992982338125
5.11 0.805078066431
5.13 1.11125882815
5.15 1.08411968751
5.17 1.09129344092
5.19 1.27959325048
5.21 1.11675608178
5.23 0.898978185078
5.25 0.917942343935
5.2700000000000005 1.09288965602
5.29 1.0443186563
5.3100000000000005 0.852230472959
5.33 1.06956056068
5.3500000000000005 1.07654738079
5.37 0.831764080551
5.39 0.78506313862
5.41 1.01029112625
5.43 1.11480331151
5.45 0.981308916569
5.47 0.934744204736
5.49 1.04909444212
5.51 0.906626025809
5.53 1.14778218368
5.55 1.03775288059
5.57 1.18174475245
5.59 1.06186772519
5.61 0.96379755689
5.63 0.93949607397
5.65 1.07139504097
5.67 1.25418951689
5.69 0.888274182962
5.71 1.10130731644
5.73 1.01540998012
5.75 1.08342505705
5.7700000000000005 0.977814053648
5.79 0.974436457608
5.8100000000000005 0.94073579914
5.83 0.997992999331
5.8500000000000005 1.11513633714
5.87 1.09131280657
5.89 1.05767301834
5.91 0.964595226464
5.93 0.901877503424
5.95 0.977865409428
5.97 0.99427815474
5.99 0.990958361235
6.01 1.13434293952
6.03 1.01362399342
6.05 1.18512814209
6.07 1.03599090229
6.09 0.99398718908
6.11 1.07730249937
6.13 0.958738969812
6.15 0.965177330699
6.17 1.00014965627
6.19 1.13933503424
6.21 1.05995463303
6.23 0.999950895352
6.25 1.11899410609
6.2700000000000005 0.993571623293
6.29 1.08384754635
6.3100000000000005 1.06178441661
6.33 0.965584941603
6.3500000000000005 0.925522816527
6.37 0.941069275141
6.390000000000001 0.910531954006
6.41 1.03605132137
6.43 1.10594938737
6.45 0.993179251875
6.47 1.05369413702
6.49 1.10478047144
6.51 0.785414869417
6.53 0.981011665328
6.55 0.969043584083
6.57 1.07343742191
6.59 0.927489025849
6.61 0.969138604326
6.63 0.868707162481
6.65 0.989822296412
6.67 1.04853270811
6.69 1.09810722813
6.71 1.11235152815
6.73 1.02171943022
6.75 0.757489007393
6.7700000000000005 0.737889128834
6.79 1.05596837403
6.8100000000000005 1.07012726246
6.83 1.2046702546
6.8500000000000005 0.97808170348
6.87 1.10355460722
6.890000000000001 0.904164597684
6.91 0.952578621005
6.93 1.05159692025
6.95 0.98937723243
6.97 0.944378518098
6.99 1.18550336735
7.01 1.03121197696
7.03 0.94467837411
7.05 1.01702485952
7.07 1.01414784436
7.09 1.0112870606
7.11 1.1324311874
7.13 0.956157232334
7.15 0.912384275845
7.17 0.942626271644
7.19 1.03809162085
7.21 0.831430136289
7.23 1.00796219327
7.25 0.97275639475
7.2700000000000005 1.15601237077
7.29 1.09640809925
7.3100000000000005 1.02105044513
7.33 1.01826449575
7.3500000000000005 0.927537560073
7.37 0.964892070663
7.390000000000001 0.994091658482
7.41 0.999339818493
7.43 0.972920048248
7.45 0.970308182347
7.47 0.999180556075
7.49 0.9808194067
7.51 1.18950016313
7.53 1.00682870539
7.55 0.902967028681
7.57 1.06361766742
7.59 0.983383235031
7.61 1.04258138563
7.63 0.978227883864
7.65 1.09090708976
7.67 1.04975042274
7.69 1.11580260494
7.71 1.03668158801
7.73 1.02639642234
7.75 0.970664445514
7.7700000000000005 1.01354873177
7.79 0.875147762072
7.8100000000000005 1.06103310343
7.83 0.788112819821
7.8500000000000005 0.823538455216
7.87 1.01560546932
7.890000000000001 0.93109472195
7.91 1.01789958816
7.930000000000001 1.03015474654
7.95 0.938852673445
7.97 0.899626757796
7.99 1.09597423386
8.01 0.895134239655
8.03 0.936818113665
8.05 0.897987075588
8.07 0.975870340252
8.09 0.980722415906
8.11 1.00004395083
8.13 1.0120415546
8.15 0.923024472728
8.17 0.9998931628
8.19 1.01897914977
8.21 0.952071004504
8.23 0.914052181377
8.25 0.96170234481
8.27 1.0304415155
8.290000000000001 0.942883347042
8.31 0.891108069198
8.33 0.910134471979
8.35 0.858685659837
8.370000000000001 1.15154057483
8.39 1.02270822789
8.41 0.978346948743
8.43 0.982997454066
8.45 0.751152127307
8.47 0.922845684413
8.49 1.07296328877
8.51 0.890883684087
8.53 1.03348239477
8.55 0.872968275308
8.57 1.0698050199
8.59 1.0809977204
8.61 1.09213842229
8.63 0.851255777078
8.65 0.971584963639
8.67 1.01679409774
8.69 1.0685581609
8.71 0.931154585675
8.73 1.02326989978
8.75 1.27616374645
8.77 1.07891476793
8.790000000000001 0.949424259002
8.81 0.900572570338
8.83 1.02499293577
8.85 0.949628241297
8.870000000000001 0.934235460854
8.89 0.965188080093
8.91 0.890465134083
8.93 0.987189790305
8.950000000000001 1.03094968931
8.97 0.884508845561
8.99 1.08519866619
9.01 0.945810358843
9.03 0.995782605091
9.05 0.889677982583
9.07 1.03674882204
9.09 0.989209782615
9.11 1.08380652104
9.13 0.830385558771
9.15 0.957031052303
9.17 0.858808467375
9.19 0.991235943598
9.21 0.99546460592
9.23 1.05061379308
9.25 1.0292814285
9.27 1.03974051902
9.290000000000001 1.03117587863
9.31 1.03527332023
9.33 0.970062982081
9.35 0.898845982404
9.370000000000001 1.03491625509
9.39 0.97012335694
9.41 0.911851438047
9.43 1.10311916186
9.450000000000001 0.982621208277
9.47 0.937104068244
9.49 1.07137311917
9.51 0.753945873779
9.53 0.826366594526
9.55 0.996947980483
9.57 0.921170828362
9.59 1.0969713341
9.61 0.996839116802
9.63 1.07410623027
9.65 1.00488759691
9.67 0.917722391548
9.69 1.0674554177
9.71 0.986573008493
9.73 1.02078603346
9.75 0.982525529484
9.77 1.04668388944
9.790000000000001 0.92448290325
9.81 1.03642516829
9.83 0.902784895857
9.85 1.01431662989
9.870000000000001 0.95271649604
9.89 1.03992642049
9.91 0.942940576899
9.93 1.05349288975
9.950000000000001 0.992309287107
9.97 0.954950171877
9.99 1.02363379377
10.01 0.951134187174
10.03 0.843766763143
10.05 1.00582688578
10.07 0.951303268368
10.09 1.00183946503
10.11 0.959165708226
10.13 0.92246210435
10.15 0.903273795125
10.17 0.84948797747
10.19 0.963170432568
10.21 0.944015143126
10.23 0.855995515989
10.25 0.991934722045
10.27 1.12162190599
10.290000000000001 1.07375037742
10.31 1.00326314234
10.33 0.995631393868
10.35 1.09591737951
10.370000000000001 1.07113424133
10.39 0.972912435237
10.41 0.937169645438
10.43 0.946642129119
10.450000000000001 0.944830373848
10.47 1.03845074376
10.49 1.03647085674
10.51 1.01213096972
10.53 1.13299637858
10.55 0.941445318063
10.57 1.06198708422
10.59 1.0155843144
10.61 1.01920910352
10.63 0.995176462174
10.65 0.971234084273
10.67 1.04652603387
10.69 0.989590813181
10.71 0.976767917386
10.73 1.11187808634
10.75 0.891127805811
10.77 0.949498755785
10.790000000000001 1.11114203571
10.81 0.98947892605
10.83 1.07447815071
10.85 0.9424978433
10.870000000000001 0.94617040466
10.89 0.955226234744
10.91 0.851124694612
10.93 1.0216315445
10.950000000000001 1.08417179613
10.97 0.985761949709
10.99 1.10161637516
11.01 0.92346329709
11.03 1.07630835608
11.05 0.845659829599
11.07 0.875986026212
11.09 0.842609658888
11.11 1.01036935016
11.13 0.945189136932
11.15 0.948764645104
11.17 0.957588826375
11.19 0.99789390361
11.21 1.02232705403
11.23 0.973406053963
11.25 1.11272523155
11.27 0.891729325933
11.290000000000001 1.09316623192
11.31 0.919753642472
11.33 0.897381368134
11.35 0.885444009098
11.370000000000001 1.03895430684
11.39 0.975211771954
11.41 0.988954792209
11.43 1.04892585873
11.450000000000001 0.913640558533
11.47 0.968409946168
11.49 1.02298866579
11.51 0.970150545734
11.53 0.953176121843
11.55 1.01258606676
11.57 1.05147231304
11.59 0.872179482494
11.61 1.04278759371
11.63 0.934873541458
11.65 1.13001172037
11.67 1.03742621791
11.69 1.01554158833
11.71 0.983694020025
11.73 0.946944764071
11.75 0.940331181592
11.77 0.978679437086
11.790000000000001 1.03683675663
11.81 0.880814030174
11.83 0.864421098885
11.85 0.98695097646
11.870000000000001 0.920922492502
11.89 0.904544818289
11.91 0.981978931238
11.93 0.935996042029
11.950000000000001 1.08197102484
11.97 1.0310648921
11.99 0.916607229763
12.01 0.983589547772
12.030000000000001 1.08943190718
12.05 0.965692810971
12.07 1.0371299797
12.09 0.923608997634
12.11 0.941495918811
12.13 0.876957666262
12.15 0.981930194769
12.17 0.936854196943
12.19 0.90638977717
12.21 1.04449153565
12.23 0.922647111946
12.25 1.00749769456
12.27 0.97232696548
12.290000000000001 0.922924725626
12.31 0.940522150556
12.33 0.929463607109
12.35 1.15637893283
12.370000000000001 1.0832432771
12.39 1.03406072229
12.41 0.994508199709
12.43 1.04491749362
12.450000000000001 0.977151378461
12.47 0.900176702506
12.49 0.97402199054
12.51 1.03823536736
12.530000000000001 0.98029338065
12.55 1.03492625066
12.57 1.00055127715
12.59 1.01763402297
