0.01 0.0
0.03 0.0
0.05 0.0
0.07 0.0
0.09 0.0
0.11 0.0
0.13 0.0
0.15 0.0
0.17 0.0
0.19 0.0
0.21 0.0
0.23 0.0
0.25 0.0
0.27 0.0
0.29 0.0
0.31 0.0
0.33 0.0
0.35000000000000003 0.0
0.37 0.477704606073
0.39 0.302137955978
0.41000000000000003 0.14369975955
0.43 0.137016049804
0.45 0.0
0.47000000000000003 0.376065328185
0.49 0.480954297271
0.51 1.03971002498
0.53 0.555819824676
0.55 0.749851472563
0.5700000000000001 0.516814924699
0.59 0.898732394476
0.61 1.6419464329
0.63 1.21574558477
0.65 1.17833802831
0.67 0.791421063793
0.6900000000000001 0.939254950105
0.71 1.16174171806
0.73 2.09841018741
0.75 1.33544976542
0.77 0.688639107456
0.79 1.56614548067
0.81 0.800106068608
0.8300000000000001 0.993779060023
0.85 1.10902402665
0.87 1.55757325582
0.89 1.39017407835
0.91 1.55385234503
0.93 1.20367863107
0.9500000000000001 0.930266864458
0.97 1.09330332524
0.99 1.24975245427
1.01 0.758336354855
1.03 1.0296157529
1.05 1.23444936299
1.07 1.10125049375
1.09 1.35130507834
1.11 0.955409212146
1.1300000000000001 1.35561012107
1.1500000000000001 1.02464176375
1.17 0.654632237952
1.19 1.08922002617
1.21 0.925141427188
1.23 1.19749799625
1.25 0.518468732458
1.27 1.15978152393
1.29 1.27881646484
1.31 1.07939361372
1.33 0.75307317599
1.35 0.960127282329
1.37 0.989115863183
1.3900000000000001 1.10204276029
1.41 1.04462591163
1.43 1.1536176501
1.45 1.0564409909
1.47 1.04206764409
1.49 1.46303714925
1.51 0.975445387677
1.53 0.924186688873
1.55 1.25435983659
1.57 0.938167219995
1.59 0.92636637446
1.61 1.20761350728
1.6300000000000001 0.686761427545
1.6500000000000001 1.10692360235
1.67 1.23478535901
1.69 1.22017251453
1.71 1.06808417771
1.73 0.851400309475
1.75 0.909003621842
1.77 0.932018779457
1.79 0.954519631874
1.81 0.976523227884
1.83 0.611705533824
1.85 1.14649105458
1.87 0.850671838622
1.8900000000000001 0.592286310528
1.9100000000000001 0.956242902558
1.93 1.25160256893
1.95 0.936627663531
1.97 1.13646814913
1.99 1.0066204262
2.0100000000000002 1.17247565006
2.0300000000000002 0.783623811933
2.05 1.23581793213
2.07 1.02464176375
2.09 1.32492553423
2.11 0.893526466967
2.13 0.940457581283
2.15 0.931709138666
2.17 0.895971311851
2.19 1.12991317783
2.21 1.11968771921
2.23 1.0303852714
2.25 1.28307918639
2.27 1.14200161334
2.29 1.13202780013
2.31 0.841670020224
2.33 0.910304056208
2.35 1.17833802831
2.37 1.04409698711
2.39 1.42978254482
2.41 0.977873882418
2.43 1.06680809148
2.45 1.13024259859
2.47 1.1687968297
2.49 1.0647632786
2.5100000000000002 0.868496156327
2.5300000000000002 1.07121638938
2.5500000000000003 0.970396023317
2.57 1.00869403202
2.59 1.20563543437
2.61 0.948088068758
2.63 1.05288759184
2.65 1.04494127039
2.67 1.19157778144
2.69 1.11701188558
2.71 0.956584377229
2.73 0.798507455084
2.75 0.621305505838
2.77 0.85078558001
2.79 0.633515068986
2.81 1.2789789987
2.83 0.916022495509
2.85 1.01295725241
2.87 1.12906953932
2.89 0.937777669592
2.91 1.01231789374
2.93 0.965191559028
2.95 0.8587887325
2.97 1.11089107046
2.99 1.22168825678
3.0100000000000002 1.15484956263
3.0300000000000002 0.894448008291
3.0500000000000003 0.985167859737
3.0700000000000003 0.997941001177
3.09 1.23935229515
3.11 1.25032652522
3.13 1.0164577241
3.15 1.04741158072
3.17 0.985045985814
3.19 0.904993156542
3.21 1.06454214396
3.23 0.875545284196
3.25 0.870157313216
3.27 0.972939656406
3.29 0.805854274682
3.31 0.818784732665
3.33 0.92002368577
3.35 0.861769602796
3.37 0.979034563584
3.39 1.07753625008
3.41 0.829328817581
3.43 0.841670020224
3.45 1.1100285774
3.47 1.49414620305
3.49 0.87784494946
3.5100000000000002 0.839272099938
3.5300000000000002 0.834517017219
3.5500000000000003 0.929393374444
3.5700000000000003 1.03971002498
3.59 1.01750637542
3.61 0.799703094008
3.63 0.990063632605
3.65 1.09762994418
3.67 0.947165445102
3.69 0.910098477153
3.71 0.905192285901
3.73 0.773975380528
3.75 1.06835981234
3.77 1.04706429572
3.79 1.18144709963
3.81 1.00514398741
3.83 0.984512190758
3.85 0.81106383767
3.87 0.898216326492
3.89 1.25709583997
3.91 0.858890890203
3.93 0.809545210292
3.95 0.83527758969
3.97 0.949793876726
3.99 1.0336298494
4.01 0.969704611829
4.03 1.00875091754
4.05 1.13469587912
4.07 1.17254766945
4.09 0.950737284458
4.11 1.18980603832
4.13 0.970060362292
4.15 0.823416935448
4.17 0.8759827069
4.19 0.871801405196
4.21 1.02159947823
4.23 0.974984184184
4.25 1.16447522798
4.2700000000000005 0.855467889408
4.29 0.961348041747
4.3100000000000005 1.13459462123
4.33 1.04771395127
4.3500000000000005 0.86682337715
4.37 0.862856222106
4.39 1.14076005019
4.41 0.93518891136
4.43 1.03736304976
4.45 0.966501978279
4.47 1.02808015893
4.49 0.997257128639
4.51 1.08428000388
4.53 0.93642757217
4.55 0.919362637475
4.57 1.01847597633
4.59 1.03971002498
4.61 0.996858635666
4.63 1.13252791058
4.65 1.000953809
4.67 0.769578369669
4.69 0.967292411302
4.71 0.963185012528
4.73 0.971568353155
4.75 0.917863306265
4.7700000000000005 1.16104585599
4.79 0.86099855931
4.8100000000000005 1.27387894953
4.83 0.805075671518
4.8500000000000005 0.874642660191
4.87 0.871050698548
4.89 0.951827241685
4.91 0.815957086816
4.93 1.0158086451
4.95 1.01170436774
4.97 1.04319664478
4.99 0.779261621931
5.01 0.811430378779
5.03 1.0893184556
5.05 0.665002649642
5.07 1.01100008346
5.09 0.960727469057
5.11 1.0376753674
5.13 1.07956895382
5.15 1.15545767825
5.17 0.888881684801
5.19 0.794640288843
5.21 1.02906680016
5.23 0.935010098948
5.25 1.12222669363
5.2700000000000005 1.14032712417
5.29 1.0469165847
5.3100000000000005 0.954209702777
5.33 0.917467695591
5.3500000000000005 1.07922548388
5.37 0.85577622168
5.39 0.852600799707
5.41 1.24150217401
5.43 0.998223744059
5.45 0.832403928258
5.47 1.08786234789
5.49 0.837070730496
5.51 0.962345032198
5.53 0.969518630891
5.55 0.859868290931
5.57 1.00486636167
5.59 1.15936657526
5.61 0.945190931802
5.63 0.879044355047
5.65 1.03234924604
5.67 0.945579899264
5.69 0.994028565185
5.71 1.21754717461
5.73 0.915114175566
5.75 1.03488818139
5.7700000000000005 1.09256645606
5.79 1.05826558674
5.8100000000000005 0.963357252063
5.83 1.08132220437
5.8500000000000005 1.16826676311
5.87 0.953510329555
5.89 0.970278342499
5.91 0.927118753241
5.93 1.00347504941
5.95 1.12882802712
5.97 1.08557104786
5.99 0.796706012466
6.01 1.09795223936
6.03 1.06499871547
6.05 0.915403096376
6.07 0.854149476866
6.09 1.03515738119
6.11 0.983555473715
6.13 0.941901523448
6.15 0.977158364943
6.17 0.773463373528
6.19 0.970843932859
6.21 0.796943594028
6.23 0.917325752379
6.25 0.933243718424
6.2700000000000005 0.864490419496
6.29 1.10527732386
6.3100000000000005 1.04575165746
6.33 0.940064303789
6.3500000000000005 0.992772984484
6.37 0.971157715643
6.390000000000001 0.912797064186
6.41 1.11215991752
6.43 1.12702626347
6.45 1.27881646484
6.47 1.03810305431
6.49 1.06213828438
6.51 1.067925402
6.53 0.983452106326
6.55 0.953464358788
6.57 1.01333483409
6.59 0.992378764361
6.61 1.0339425967
6.63 0.941959509813
6.65 0.912547495611
6.67 0.980476170486
6.69 0.959931577624
6.71 1.10633823821
6.73 0.90169997709
6.75 1.09105372992
6.7700000000000005 0.835453845776
6.79 0.867701051777
6.8100000000000005 0.986274120615
6.83 1.06964799056
6.8500000000000005 0.989115863183
6.87 0.960508436471
6.890000000000001 1.03467998132
6.91 1.02315892473
6.93 0.926687193984
6.95 1.05117924828
6.97 1.11578636827
6.99 1.0198776926
7.01 0.815255269232
7.03 1.09788251571
7.05 0.793915692835
7.07 0.983337251351
7.09 0.872535211374
7.11 1.08552940724
7.13 0.99985204366
7.15 1.03825588509
7.17 1.07644547914
7.19 1.18817116902
7.21 0.833498466629
7.23 1.06751232164
7.25 0.804520446917
7.2700000000000005 1.04543057533
7.29 0.897088622378
7.3100000000000005 1.06388932789
7.33 1.13332648016
7.3500000000000005 0.90579725986
7.37 0.99926901994
7.390000000000001 0.900894433014
7.41 1.13699283434
7.43 1.15772107762
7.45 1.00435523219
7.47 1.13574749717
7.49 0.98325936942
7.51 1.01202134256
7.53 1.04063052965
7.55 1.1081059604
7.57 0.91838763105
7.59 1.07121638938
7.61 0.874850178708
7.63 0.965217913101
7.65 1.15523336109
7.67 0.990910075961
7.69 1.01131742352
7.71 0.886428088744
7.73 1.00608421564
7.75 0.897057337684
7.7700000000000005 0.962991824941
7.79 0.960519445416
7.8100000000000005 1.04104127982
7.83 1.0158086451
7.8500000000000005 0.983199246554
7.87 0.980700646182
7.890000000000001 1.00061657664
7.91 0.901257278293
7.930000000000001 1.10701365838
7.95 1.14128337333
7.97 0.91664940722
7.99 1.06920534484
8.01 0.992981484534
8.03 1.02719379803
8.05 0.892902108411
8.07 0.963696528732
8.09 0.997727502342
8.11 0.937149233369
8.13 1.036299742
8.15 1.00484040451
8.17 1.00238057488
8.19 1.08625788935
8.21 0.9687919234
8.23 1.00223161582
8.25 0.885538881884
8.27 0.90476982827
8.290000000000001 0.909694014621
8.31 0.921684378344
8.33 0.905325736039
8.35 0.95960462186
8.370000000000001 0.837647702326
8.39 0.997163289753
8.41 1.14190902863
8.43 0.99942074762
8.45 1.09466905589
8.47 0.904273575447
8.49 1.08257204015
8.51 1.09387431536
8.53 0.932448029439
8.55 0.840685610843
8.57 0.859348036985
8.59 1.06996933886
8.61 0.841670020224
8.63 1.05818304976
8.65 1.0421139788
8.67 1.08048296714
8.69 1.1661342973
8.71 1.06199236765
8.73 0.938081248199
8.75 1.01673738443
8.77 0.873340613915
8.790000000000001 0.958488839868
8.81 0.949625425769
8.83 1.0075257207
8.85 1.03853521139
8.870000000000001 1.01626673242
8.89 0.974216480102
8.91 0.95880479296
8.93 1.04902433652
8.950000000000001 0.954519631874
8.97 0.912982084368
8.99 1.19275595747
9.01 1.04624908174
9.03 1.00478436523
9.05 1.10672632494
9.07 1.01334472115
9.09 0.887966500984
9.11 0.950689847212
9.13 0.92279484145
9.15 0.998045870976
9.17 1.11794338564
9.19 0.968057901389
9.21 1.11948509747
9.23 0.951096241705
9.25 1.0827971071
9.27 0.921569655369
9.290000000000001 1.00837323198
9.31 0.955580248525
9.33 1.00405008843
9.35 1.02080620635
9.370000000000001 1.0626420853
9.39 1.14194633202
9.41 0.882814357025
9.43 0.899685451098
9.450000000000001 0.953892689587
9.47 0.933213855581
9.49 0.918830496261
9.51 1.17090371899
9.53 0.890244890226
9.55 0.94390428446
9.57 1.11431130159
9.59 1.00140301676
9.61 0.839918365655
9.63 1.05842408566
9.65 0.970755163222
9.67 0.968747396597
9.69 0.99714879589
9.71 0.98295963227
9.73 0.878001100233
9.75 1.0514400868
9.77 1.07340925814
9.790000000000001 0.98696341493
9.81 0.966933856057
9.83 1.03688951627
9.85 1.07067262471
9.870000000000001 1.05656449347
9.89 1.02464176375
9.91 0.820437174103
9.93 0.984914968278
9.950000000000001 0.971092646449
9.97 0.963235198671
9.99 0.978999563063
10.01 1.012358346
10.03 1.1043247723
10.05 1.15488851531
10.07 0.977072744431
10.09 1.16782758009
10.11 1.0664483639
10.13 1.064342839
10.15 1.07965947422
10.17 0.950085725877
10.19 1.12745787792
10.21 1.10216730366
10.23 1.07121638938
10.25 0.919678461123
10.27 0.894940274668
10.290000000000001 0.996262472918
10.31 0.937184464808
10.33 1.00381167949
10.35 1.03033421799
10.370000000000001 1.07948035381
10.39 1.04904973647
10.41 0.984778179282
10.43 0.926401901454
10.450000000000001 1.11632023735
10.47 1.02977965225
10.49 0.876171269861
10.51 1.02025462014
10.53 0.9008187206
10.55 0.826511981945
10.57 0.958723466745
10.59 1.00698386744
10.61 0.971767930984
10.63 1.07524730712
10.65 1.07322806335
10.67 0.960781710059
10.69 0.975518386396
10.71 1.1442311386
10.73 1.02129950264
10.75 1.09064775644
10.77 0.886215230208
10.790000000000001 0.966477437495
10.81 0.861135099322
10.83 0.957467649968
10.85 0.939412345153
10.870000000000001 1.01356582932
10.89 1.07662657316
10.91 0.934246007783
10.93 0.954098037564
10.950000000000001 1.12453263889
10.97 1.07414587813
10.99 1.04002537531
11.01 0.979272748326
11.03 0.982838609291
11.05 0.965064177035
11.07 1.02718717012
11.09 1.06252301922
11.11 0.959852309292
11.13 1.12222669363
11.15 1.08850956876
11.17 1.00216752632
11.19 1.00037634218
11.21 0.967057079436
11.23 0.90762457212
11.25 1.05788569653
11.27 1.03509729195
11.290000000000001 1.14285220638
11.31 1.08873849654
11.33 0.982815036854
11.35 1.00703778631
11.370000000000001 1.00526639179
11.39 1.06040077175
11.41 0.986251373391
11.43 0.860815619984
11.450000000000001 1.0651352483
11.47 1.09409764617
11.49 0.958873852457
11.51 0.972563967765
11.53 1.04752513358
11.55 0.918185476608
11.57 0.972612633569
11.59 0.915016587991
11.61 0.974336354161
11.63 0.972660797232
11.65 0.824330895344
11.67 0.939035446728
11.69 1.02310786889
11.71 0.88048315523
11.73 0.979436980056
11.75 0.927627809523
11.77 1.12627891406
11.790000000000001 1.00943291654
11.81 1.02268965201
11.83 1.00601978749
11.85 1.0391250967
11.870000000000001 1.01752020137
11.89 1.08518094281
11.91 1.00420915091
11.93 1.05684969849
11.950000000000001 1.02549920456
11.97 0.920422770654
11.99 0.963111983108
12.01 1.02528163163
12.030000000000001 0.974602109868
12.05 1.14411244243
12.07 1.01530368637
12.09 0.984384953347
12.11 0.97789406974
12.13 0.922853361004
12.15 1.07165721917
12.17 0.987596375415
12.19 0.96664317335
12.21 0.950583913095
12.23 0.997203482669
12.25 1.02443265319
12.27 1.11879690545
12.290000000000001 1.0163045647
12.31 1.00029507684
12.33 0.984337525679
12.35 0.963661059592
12.370000000000001 1.06212360677
12.39 1.0318779344
12.41 0.916274131605
12.43 1.05225680726
12.450000000000001 0.936991685165
12.47 0.968561731372
12.49 1.06135330813
12.51 0.960755226922
12.530000000000001 1.04385890776
12.55 1.09383569959
12.57 1.0171016394
12.59 0.865736835735
