0.01 0.0
0.03 0.0
0.05 0.0
0.07 0.0
0.09 0.0
0.11 0.0
0.13 0.0
0.15 0.0
0.17 0.0
0.19 0.0
0.21 0.0
0.23 0.0
0.25 0.0
0.27 0.217914363805
0.29 0.405771573982
0.31 0.379592762757
0.33 0.356587140772
0.35000000000000003 0.336210732728
0.37 0.159018589804
0.39 0.301727580653
0.41000000000000003 0.287009162085
0.43 0.0
0.45 0.261497236566
0.47000000000000003 0.500739389169
0.49 0.600376308442
0.51 0.807564995277
0.53 0.888103822299
0.55 0.427904568926
0.5700000000000001 1.13544852719
0.59 1.29640579145
0.61 1.06099288607
0.63 0.747134961617
0.65 1.17673756455
0.67 1.49287601472
0.6900000000000001 0.682166704085
0.71 0.994426110885
0.73 1.37017387653
0.75 1.17673756455
0.77 1.7574651938
0.79 1.19163297676
0.81 1.16220994029
0.8300000000000001 0.992429271305
0.85 0.899858137595
0.87 0.879171743627
0.89 0.859415075231
0.91 1.03449456224
0.93 1.32857466965
0.9500000000000001 1.17673756455
0.97 0.788535481397
0.99 0.832036661801
1.01 1.04857802781
1.03 1.42807956862
1.05 0.616386343334
1.07 1.09975473322
1.09 1.13355453466
1.11 0.848099145619
1.1300000000000001 0.885156575102
1.1500000000000001 1.02325005613
1.17 0.905182741959
1.19 1.03829785107
1.21 0.875259345531
1.23 0.956697206949
1.25 0.988459554219
1.27 0.972893262027
1.29 1.09463959493
1.31 1.07792754004
1.33 1.06171810335
1.35 1.22032043731
1.37 0.815985902423
1.3900000000000001 1.35451805991
1.41 0.751109083753
1.43 0.987472082137
1.45 1.13616040715
1.47 1.16072752966
1.49 0.947708105675
1.51 1.16894460054
1.53 0.807564995277
1.55 1.2526561171
1.57 1.08679583987
1.59 0.999116800087
1.61 1.16942863557
1.6300000000000001 1.04679108503
1.6500000000000001 0.891467851929
1.67 0.810328263011
1.69 0.939997462804
1.71 1.16985605832
1.73 1.12232195463
1.75 0.874147905092
1.77 0.831029353494
1.79 1.05183245993
1.81 0.780157501357
1.83 1.12529548522
1.85 1.33575615435
1.87 0.912443566092
1.8900000000000001 1.30748618283
1.9100000000000001 1.32459987632
1.93 1.2803880236
1.95 0.693973435502
1.97 1.04532524769
1.99 0.88698811398
2.0100000000000002 0.819618204162
2.0300000000000002 0.666624728684
2.05 0.631420156586
2.07 1.36433340817
2.09 1.12606465507
2.11 1.08750628003
2.13 1.02204905841
2.15 1.28620152404
2.17 1.08455075073
2.19 0.994047714343
2.21 1.09154389472
2.23 0.844296010437
2.25 1.5689834194
2.27 1.14045050309
2.29 0.796481757663
2.31 0.99334989215
2.33 1.18683831617
2.35 1.0265157478
2.37 0.844073358536
2.39 0.910863805193
2.41 1.17185483606
2.43 1.16220994029
2.45 0.984617145845
2.47 1.35777411294
2.49 1.08694634476
2.5100000000000002 0.843875544297
2.5300000000000002 1.06976142232
2.5500000000000003 1.03829785107
2.57 1.00732398522
2.59 0.840526831819
2.61 1.0595146654
2.63 0.80537171718
2.65 0.954711608972
2.67 0.859415075231
2.69 1.07174982645
2.71 1.19410638469
2.73 0.991390622146
2.75 1.04836619387
2.77 0.977074512079
2.79 0.885716446433
2.81 1.15161149555
2.83 0.893987902394
2.85 1.07351497117
2.87 0.963530758427
2.89 0.97722150689
2.91 0.970505207874
2.93 0.983961444758
2.95 1.31635049593
2.97 1.28767578612
2.99 0.905182741959
3.0100000000000002 0.762338289324
3.0300000000000002 1.00974180456
3.0500000000000003 1.00312054683
3.0700000000000003 1.13074130795
3.09 1.23766895947
3.11 1.28646550465
3.13 0.939886233664
3.15 0.8778835799
3.17 1.31779758806
3.19 0.79309898551
3.21 1.08142548767
3.23 0.929003340432
3.25 0.995701016155
3.27 0.845667668711
3.29 0.840526831819
3.31 0.977652055137
3.33 0.848099145619
3.35 0.983541844994
3.37 1.18721297313
3.39 1.04136067659
3.41 1.0870156388
3.43 0.754758787756
3.45 0.972087553321
3.47 1.1360434701
3.49 1.01152226179
3.5100000000000002 0.888420098589
3.5300000000000002 0.966724911384
3.5500000000000003 0.795540888708
3.5700000000000003 1.05477876934
3.59 0.885011538796
3.61 0.912705036214
3.63 1.03734440952
3.65 1.0155406379
3.67 0.961910815706
3.69 0.892917393152
3.71 0.951539809607
3.73 0.836019985536
3.75 1.20811723293
3.77 0.967609137956
3.79 1.14879392845
3.81 0.803023009927
3.83 0.891002333469
3.85 1.17673756455
3.87 0.927402990147
3.89 1.24026324284
3.91 1.0834412359
3.93 0.973129029205
3.95 1.05757426687
3.97 1.06706680916
3.99 1.1796867815
4.01 0.983060060158
4.03 0.934382185248
4.05 0.929767952235
4.07 0.852917890765
4.09 1.15084358391
4.11 0.90187915531
4.13 0.940250354238
4.15 1.0633170764
4.17 0.97355985556
4.19 0.982955006185
4.21 0.824554825514
4.23 1.07102591572
4.25 0.969077994333
4.2700000000000005 1.18500504158
4.29 1.00118697217
4.3100000000000005 0.846377366611
4.33 1.03270271254
4.3500000000000005 0.933274620158
4.37 1.09056913877
4.39 1.04539328058
4.41 0.813843440333
4.43 1.0625169883
4.45 0.978411008724
4.47 0.934545493096
4.49 1.08763048839
4.51 0.965394454285
4.53 0.935155680435
4.55 1.12501283643
4.57 1.02996723374
4.59 0.794746503289
4.61 0.880638741364
4.63 0.965788929866
4.65 0.974288091076
4.67 1.1213023902
4.69 0.953433421168
4.71 0.936892965404
4.73 1.00756599079
4.75 0.953776762843
4.7700000000000005 1.06079067664
4.79 1.01951166866
4.8100000000000005 0.941879339606
4.83 0.92579766983
4.8500000000000005 0.909848632382
4.87 1.26855692277
4.89 1.01069484072
4.91 1.00657795745
4.93 1.36052821864
4.95 0.903354089955
4.97 0.947072486557
4.99 0.943276604847
5.01 0.904279365969
5.03 1.04105013166
5.05 0.967021958984
5.07 1.12567597397
5.09 0.982541188472
5.11 0.955667493712
5.13 1.0551642879
5.15 1.08534047215
5.17 1.05838098165
5.19 1.11098536923
5.21 1.02766908228
5.23 0.888740608023
5.25 0.997425173759
5.2700000000000005 1.17227176734
5.29 0.867538091065
5.3100000000000005 1.05263718109
5.33 0.905182741959
5.3500000000000005 0.989779259899
5.37 0.723134816202
5.39 1.05884548943
5.41 1.14193571421
5.43 0.975196876696
5.45 0.960822415089
5.47 0.96806563811
5.49 0.825216689163
5.51 0.896968742486
5.53 1.07459759511
5.55 1.03892145338
5.57 0.897869775462
5.59 1.21041878285
5.61 1.1326885648
5.63 1.02415880396
5.65 1.08301510365
5.67 1.12070244243
5.69 1.02369963875
5.71 0.886159637049
5.73 0.852261935928
5.75 1.05394755781
5.7700000000000005 0.917732935955
5.79 1.21941716533
5.8100000000000005 0.941795124809
5.83 1.04957724454
5.8500000000000005 1.09627687637
5.87 0.862005370963
5.89 1.18872470442
5.91 0.915904026551
5.93 1.0318777969
5.95 1.1371833607
5.97 0.847566420025
5.99 0.972429206095
6.01 0.851715208948
6.03 0.946463878616
6.05 0.943335072405
6.07 0.920840763031
6.09 0.946800339291
6.11 1.02073798561
6.13 1.14218409609
6.15 0.956697206949
6.17 1.18245914104
6.19 0.836453196124
6.21 0.975877368344
6.23 1.1332946047
6.25 0.913148350088
6.2700000000000005 1.20113563207
6.29 1.08506802454
6.3100000000000005 0.792572844584
6.33 1.08750628003
6.3500000000000005 1.10261236363
6.37 0.960602093508
6.390000000000001 0.874726671611
6.41 0.899534175707
6.43 1.10719475358
6.45 1.06727360505
6.47 0.909379879866
6.49 1.10602452138
6.51 0.885716446433
6.53 1.01815731083
6.55 1.07792754004
6.57 0.985092329529
6.59 0.874964198221
6.61 1.0414394482
6.63 0.878559720137
6.65 0.999784547322
6.67 0.926217723219
6.69 0.949833011742
6.71 1.06976142232
6.73 1.03161242657
6.75 0.923956902533
6.7700000000000005 0.955990635895
6.79 1.04849223351
6.8100000000000005 1.01949363155
6.83 1.0940385849
6.8500000000000005 0.884700504732
6.87 1.01058975703
6.890000000000001 0.913722201789
6.91 0.783356410552
6.93 1.01882040221
6.95 1.11747739943
6.97 1.09738797268
6.99 1.07741350688
7.01 1.11630596351
7.03 0.937372739895
7.05 1.13500928212
7.07 1.00696778862
7.09 0.962634396949
7.11 1.00130270964
7.13 0.907721823984
7.15 0.946327412048
7.17 1.04215948882
7.19 1.10472580816
7.21 0.962933651987
7.23 0.935856292689
7.25 1.13616040715
7.2700000000000005 1.18159342795
7.29 1.08957181902
7.3100000000000005 0.981956107214
7.33 1.01138426421
7.3500000000000005 1.15272251221
7.37 0.92606212678
7.390000000000001 0.867824049632
7.41 1.09574752974
7.43 0.918583832351
7.45 0.868732430202
7.47 0.937294311788
7.49 1.0054900418
7.51 1.02631571875
7.53 0.94545315611
7.55 0.950741608442
7.57 1.04149824075
7.59 0.999994373034
7.61 0.788615187804
7.63 0.94077315121
7.65 0.984460184719
7.67 1.12764290736
7.69 0.887526381583
7.71 0.770755473536
7.73 0.981883220094
7.75 1.17673756455
7.7700000000000005 1.10555781483
7.79 1.02719068536
7.8100000000000005 1.03962729774
7.83 1.12714326106
7.8500000000000005 0.764504659769
7.87 0.956940332033
7.890000000000001 1.03654322859
7.91 1.10086700097
7.930000000000001 1.03131476338
7.95 0.917707283043
7.97 0.974462725974
7.99 0.957295891058
8.01 0.976941923126
8.03 1.07708855534
8.05 1.03786791407
8.07 0.845734556923
8.09 0.996372350698
8.11 1.00117006108
8.13 1.04936621685
8.15 0.945721600955
8.17 0.957809645561
8.19 1.10633446239
8.21 0.931643626011
8.23 1.02231756823
8.25 0.998443994161
8.27 0.996029377488
8.290000000000001 0.958139754004
8.31 1.05495726304
8.33 1.14424661138
8.35 1.00762557922
8.370000000000001 0.948981906893
8.39 1.12203820219
8.41 1.01442893495
8.43 0.998063296146
8.45 0.863405076946
8.47 0.958617378438
8.49 1.13654275963
8.51 0.919542280169
8.53 1.01395323557
8.55 1.15609304587
8.57 1.02981700515
8.59 1.02056983188
8.61 1.05920047912
8.63 1.09765207353
8.65 0.918263417421
8.67 0.950076465032
8.69 1.09684398997
8.71 0.979488787941
8.73 0.983984446872
8.75 1.12294384731
8.77 0.979496490444
8.790000000000001 1.05759121273
8.81 0.934978768652
8.83 0.986167381387
8.85 0.97064228488
8.870000000000001 1.06795235565
8.89 0.972893262027
8.91 0.86505398965
8.93 1.09372024476
8.950000000000001 0.97951897831
8.97 0.970775694275
8.99 1.0602418546
9.01 0.940345223611
9.03 1.14024957805
9.05 0.981698189208
9.07 0.940611614439
9.09 0.951487469683
9.11 1.07856845927
9.13 0.895764082541
9.15 0.977399507165
9.17 0.93677036218
9.19 1.12679984418
9.21 0.887983287036
9.23 1.03904779535
9.25 0.94775079523
9.27 0.93935900514
9.290000000000001 0.931003347623
9.31 0.960602093508
9.33 0.908093297399
9.35 1.00683427983
9.370000000000001 1.01096450316
9.39 1.17172483797
9.41 1.00666709826
9.43 0.992053408075
9.450000000000001 1.12692856711
9.47 0.981650133043
9.49 0.967181559901
9.51 1.03320280378
9.53 0.956948176835
9.55 1.02887525277
9.57 1.02672504326
9.59 0.914149620008
9.61 0.948981906893
9.63 1.05087674508
9.65 1.01211624723
9.67 0.991769508899
9.69 1.07472935462
9.71 1.11493157506
9.73 1.06426418993
9.75 1.05604653229
9.77 0.921396352997
9.790000000000001 0.997642674743
9.81 1.06158281817
9.83 0.957670449275
9.85 0.93780607936
9.870000000000001 0.923983396681
9.89 1.02325005613
9.91 0.926191019522
9.93 0.995427547049
9.950000000000001 0.928380892632
9.97 0.985532463788
9.99 0.912884497021
10.01 0.987472082137
10.03 1.0852265675
10.05 0.930852103298
10.07 0.969902858564
10.09 0.973811562336
10.11 0.931147429908
10.13 1.06289720786
10.15 1.03181914527
10.17 1.07607269914
10.19 0.987350949644
10.21 1.06609426759
10.23 0.868462229944
10.25 1.12507591537
10.27 0.939556770135
10.290000000000001 0.851962571028
10.31 1.03863354388
10.33 1.07079700936
10.35 0.994826443457
10.370000000000001 0.902127641094
10.39 1.00232217962
10.41 1.00039648859
10.43 1.1113005763
10.450000000000001 1.05287045249
10.47 1.00590269367
10.49 0.914243198385
10.51 1.02446705191
10.53 0.933120480908
10.55 0.992698040234
10.57 0.901757263276
10.59 1.07228682699
10.61 0.881721360806
10.63 0.896667382204
10.65 0.900508089301
10.67 0.953962505467
10.69 1.08427175031
10.71 1.09872788473
10.73 0.92669454058
10.75 1.06180040708
10.77 1.05436559869
10.790000000000001 1.00333508747
10.81 1.03413569502
10.83 0.907272268141
10.85 1.08997350449
10.870000000000001 1.00136361288
10.89 0.983316054855
10.91 0.986906390064
10.93 1.04431421556
10.950000000000001 0.961808329013
10.97 1.05659662815
10.99 1.03325909899
11.01 1.0741337442
11.03 1.02417775337
11.05 0.985051807426
11.07 1.00984705178
11.09 0.954971873843
11.11 0.889702569054
11.13 0.909249151402
11.15 1.05537001305
11.17 0.990271540442
11.19 0.951695706805
11.21 1.02872686285
11.23 0.943066614508
11.25 1.12443811723
11.27 1.07545669164
11.290000000000001 1.1308771103
11.31 1.17569712461
11.33 1.10611253861
11.35 0.990118391315
11.370000000000001 0.915930294304
11.39 0.991806902515
11.41 0.902406107781
11.43 1.13246834733
11.450000000000001 1.10993586874
11.47 0.969500434609
11.49 1.09583045611
11.51 0.955907578498
11.53 1.04610234489
11.55 0.865997341874
11.57 0.930609223475
11.59 0.964538987333
11.61 1.02369073229
11.63 0.971339692145
11.65 0.898966894804
11.67 0.947843453877
11.69 0.956288012249
11.71 0.929532235018
11.73 0.998170397889
11.75 0.961419627204
11.77 1.06476253716
11.790000000000001 1.05297551365
11.81 1.10599381596
11.83 0.984759246747
11.85 0.943376106599
11.870000000000001 0.862478248657
11.89 0.974841464322
11.91 1.16092916737
11.93 0.976504768568
11.950000000000001 1.01918274419
11.97 0.899511170894
11.99 0.986339660025
12.01 0.90141428758
12.030000000000001 0.929260753383
12.05 1.05466935246
12.07 0.950554370699
12.09 0.948981906893
12.11 0.88911219782
12.13 0.916749380459
12.15 1.16705248171
12.17 1.05393914984
12.19 0.984636846462
12.21 0.877011616493
12.23 1.11130980135
12.25 1.03745026099
12.27 1.03575922552
12.290000000000001 1.03407369382
12.31 1.05151203981
12.33 1.09275305061
12.35 0.995701016155
12.370000000000001 0.979821900957
12.39 1.02572765917
12.41 0.905547440888
12.43 0.98455918514
12.450000000000001 0.954622441922
12.47 0.924781726749
12.49 0.993961673817
12.51 0.964153480144
12.530000000000001 1.02835405681
12.55 1.03140344303
12.57 0.936147624938
12.59 1.09822608288
