0.01 0.0
0.03 0.0
0.05 0.0
0.07 0.0
0.09 0.26216008546
0.11 0.428989230753
0.13 0.0
0.15 0.0
0.17 0.138790633479
0.19 0.124181093113
0.21 0.33706296702
0.23 0.307753143801
0.25 0.283132892297
0.27 0.436933475767
0.29 0.244080079567
0.31 0.456665955318
0.33 0.64348384613
0.35000000000000003 0.33706296702
0.37 1.08406738042
0.39 0.846978737641
0.41000000000000003 0.690568029993
0.43 1.04254359567
0.45 1.10107235893
0.47000000000000003 1.25502168571
0.49 1.10749260592
0.51 1.61922405726
0.53 0.801319506502
0.55 0.857978461507
0.5700000000000001 1.40738572195
0.59 1.31968720986
0.61 0.696228423682
0.63 0.861383137941
0.65 1.488262639
0.67 1.23254368537
0.6900000000000001 0.95745422516
0.71 1.39572552541
0.73 1.42212868277
0.75 1.35274604098
0.77 1.4095360439
0.79 1.4335842648
0.81 1.19428483376
0.8300000000000001 1.64876583868
0.85 1.47118071488
0.87 0.922080300585
0.89 1.45808137419
0.91 1.1667564243
0.93 0.913331910636
0.9500000000000001 1.26664714975
0.97 0.802696344142
0.99 1.09630581193
1.01 0.770906389918
1.03 0.893380485404
1.05 0.831421985317
1.07 0.948186477319
1.09 1.01737354266
1.11 0.97778626469
1.1300000000000001 1.12752036756
1.1500000000000001 0.677056916363
1.17 1.04864034184
1.19 1.14997953454
1.21 0.838478951018
1.23 1.22767649777
1.25 1.03815393842
1.27 1.05896160505
1.29 0.969382641586
1.31 1.02662689955
1.33 0.940228276426
1.35 0.786480256381
1.37 1.03333172371
1.3900000000000001 0.899642883199
1.41 0.83668112381
1.43 0.989975147892
1.45 1.07395235009
1.47 0.802530873858
1.49 1.15596762515
1.51 1.09378048901
1.53 1.15658861233
1.55 1.0046651017
1.57 0.79649911315
1.59 1.03874750843
1.61 0.893949608185
1.6300000000000001 1.37513419061
1.6500000000000001 0.886577743557
1.67 1.18678457849
1.69 1.08897266268
1.71 1.21421513266
1.73 1.1456244197
1.75 0.997706382381
1.77 0.986432863936
1.79 1.08086113447
1.81 1.21230934547
1.83 1.07012887344
1.85 1.10957484819
1.87 1.03462108593
1.8900000000000001 0.948769833095
1.9100000000000001 1.14883765199
1.93 0.806855392557
1.95 1.06477327018
1.97 1.18570881292
1.99 1.00780133355
2.0100000000000002 0.986034948299
2.0300000000000002 0.941451735471
2.05 0.909247906158
2.07 1.23101257521
2.09 0.835400080941
2.11 0.984032169121
2.13 1.25172209818
2.15 1.20715574235
2.17 1.0220619
2.19 0.969633192799
2.21 1.02491544723
2.23 0.920499313522
2.25 0.954262711076
2.27 0.904279061302
2.29 0.968504071177
2.31 0.878406520114
2.33 1.00250916801
2.35 1.00401734857
2.37 0.955722843197
2.39 1.13529576758
2.41 1.02797211934
2.43 1.00009217787
2.45 0.828211861822
2.47 0.936134394235
2.49 1.11812855726
2.5100000000000002 0.93061608026
2.5300000000000002 1.14707989962
2.5500000000000003 0.953029016556
2.57 1.17513003288
2.59 1.08406738042
2.61 1.07576035068
2.63 1.02272337522
2.65 1.03281180838
2.67 1.15762824254
2.69 0.947284769768
2.71 0.931587314754
2.73 1.10625794304
2.75 1.02957415381
2.77 1.0902830991
2.79 0.980986126239
2.81 1.00759036405
2.83 1.15887726824
2.85 1.07623614031
2.87 0.846767941539
2.89 0.9307136598
2.91 0.948641133985
2.93 0.9099549724
2.95 0.943776307657
2.97 1.08836156691
2.99 0.939041643907
3.0100000000000002 0.979834206455
3.0300000000000002 0.996727453632
3.0500000000000003 0.905096950786
3.0700000000000003 0.937627927803
3.09 1.06136655958
3.11 1.12282068757
3.13 1.18348945928
3.15 0.973737460281
3.17 1.05691037608
3.19 0.954131220124
3.21 1.13194354657
3.23 0.825439030691
3.25 0.994595031916
3.27 1.01737354266
3.29 1.07573287347
3.31 0.976566118951
3.33 0.949444633829
3.35 0.971948734752
3.37 1.02219095636
3.39 1.07880035167
3.41 1.23853342427
3.43 1.17628096654
3.45 0.964293183911
3.47 1.02673070934
3.49 0.960001688305
3.5100000000000002 1.01503007447
3.5300000000000002 1.01596316405
3.5500000000000003 1.0567636121
3.5700000000000003 0.885616423152
3.59 0.966121986251
3.61 0.934626121849
3.63 1.00097487176
3.65 0.859741430948
3.67 1.06721299095
3.69 0.978304709157
3.71 1.0493469728
3.73 1.00576697666
3.75 1.12623972714
3.77 1.01387109974
3.79 1.05832435555
3.81 0.935106446563
3.83 1.1088755573
3.85 1.04795940655
3.87 0.951092403066
3.89 1.0796412774
3.91 0.971534434353
3.93 1.02062323347
3.95 0.997535717587
3.97 1.06382845762
3.99 0.999362130289
4.01 1.06498448682
4.03 0.989442903189
4.05 1.01368566378
4.07 0.956530041545
4.09 1.06722870976
4.11 0.895554160551
4.13 0.851226815018
4.15 1.08022589431
4.17 1.00714737868
4.19 0.934766509971
4.21 0.975160792948
4.23 0.948238606984
4.25 1.05480881444
4.2700000000000005 1.03881701311
4.29 0.863478323439
4.3100000000000005 0.864945804001
4.33 0.953584606467
4.3500000000000005 1.0902243554
4.37 0.998847922864
4.39 0.902929497075
4.41 0.989788077759
4.43 0.878798480606
4.45 1.08693338803
4.47 1.17708118908
4.49 1.06148560215
4.51 1.02538889302
4.53 1.02086178974
4.55 0.948961891765
4.57 0.991274896445
4.59 0.914990102195
4.61 1.07991757546
4.63 0.907085220103
4.65 1.0046651017
4.67 0.975100788961
4.69 1.0916815499
4.71 1.03695167561
4.73 0.992661126976
4.75 0.963645282555
4.7700000000000005 1.15251509268
4.79 1.13292563028
4.8100000000000005 1.03501455777
4.83 1.0160738716
4.8500000000000005 1.06539696586
4.87 1.00772829565
4.89 0.989131610786
4.91 0.937048777969
4.93 1.12946860348
4.95 0.986675230733
4.97 1.02543099826
4.99 1.01659271616
5.01 0.960730373064
5.03 1.06479732524
5.05 1.01853086668
5.07 1.06570401604
5.09 1.04297479972
5.11 1.05736191024
5.13 1.00264734439
5.15 0.971264937977
5.17 1.054218216
5.19 1.00924056021
5.21 0.955550868118
5.23 1.05565801143
5.25 0.979729690806
5.2700000000000005 0.899900559009
5.29 1.09274667002
5.3100000000000005 1.07085729824
5.33 1.09782609896
5.3500000000000005 1.00551868292
5.37 0.927080078751
5.39 1.08122795914
5.41 1.09467584668
5.43 1.04719194358
5.45 0.969751802363
5.47 1.06972817321
5.49 1.00996098497
5.51 1.07480877142
5.53 0.917323264676
5.55 0.952278796916
5.57 0.957331443135
5.59 1.12273925687
5.61 1.03462108593
5.63 1.07285406199
5.65 0.956304311741
5.67 0.944608561897
5.69 0.949581610077
5.71 0.942123459483
5.73 0.938835070444
5.75 1.03405056317
5.7700000000000005 1.014109724
5.79 0.998381672608
5.8100000000000005 0.970578905035
5.83 0.983437576161
5.8500000000000005 1.01637448517
5.87 0.984775108075
5.89 0.953390327769
5.91 1.02202510474
5.93 1.00664167722
5.95 1.1420486412
5.97 1.07498808912
5.99 0.992619488855
6.01 1.08353685904
6.03 1.01342480797
6.05 0.916476992973
6.07 1.0339559219
6.09 0.99956604013
6.11 1.02718697969
6.13 1.0199866294
6.15 1.10490884799
6.17 1.00572596805
6.19 1.04440512237
6.21 0.991649018915
6.23 1.0376994715
6.25 0.943776307657
6.2700000000000005 0.918187476349
6.29 0.971534434353
6.3100000000000005 0.931062997649
6.33 1.03248829866
6.3500000000000005 1.02552071226
6.37 1.03341283295
6.390000000000001 1.10771867096
6.41 0.982793580907
6.43 1.02010036364
6.45 0.962066546178
6.47 0.794989316342
6.49 0.948866010395
6.51 0.996691569147
6.53 1.11648881725
6.55 1.0986708925
6.57 1.00195429923
6.59 1.00965447177
6.61 0.960196016489
6.63 1.039150384
6.65 1.05731330707
6.67 1.04706816742
6.69 1.0368842842
6.71 1.11818504409
6.73 1.07629764655
6.75 0.880857887147
6.7700000000000005 0.94447333595
6.79 0.976440141575
6.8100000000000005 0.938925768631
6.83 1.01217590829
6.8500000000000005 1.01266508924
6.87 1.02688906838
6.890000000000001 0.96911718094
6.91 0.884363472081
6.93 1.01118890106
6.95 0.99809436853
6.97 1.04262231979
6.99 0.972130102308
7.01 1.06023372651
7.03 1.02029871098
7.05 0.933736134172
7.07 1.02120067236
7.09 0.941779601788
7.11 1.1349208763
7.13 1.06224472215
7.15 1.01967440233
7.17 0.96417872435
7.19 1.04681725363
7.21 0.949012237242
7.23 1.14545464726
7.25 0.979574719327
7.2700000000000005 0.973634430183
7.29 1.09071541729
7.3100000000000005 1.02963283907
7.33 1.03004235488
7.3500000000000005 1.08823186495
7.37 0.95722223877
7.390000000000001 0.992944626798
7.41 1.06349961794
7.43 1.01300350654
7.45 0.978613688141
7.47 0.953883684446
7.49 1.04899035531
7.51 0.995929059678
7.53 1.08728545404
7.55 0.875024391205
7.57 1.0005026247
7.59 0.963671460388
7.61 0.883627620507
7.63 0.940065522699
7.65 0.977702906952
7.67 0.965924904186
7.69 0.984890099994
7.71 0.924190807109
7.73 0.906538044548
7.75 0.934642988551
7.7700000000000005 0.950456834932
7.79 0.984362323455
7.8100000000000005 0.993925752943
7.83 0.943173640794
7.8500000000000005 1.07602521701
7.87 0.917393742513
7.890000000000001 1.00478085986
7.91 0.963463171218
7.930000000000001 0.949131910916
7.95 0.96751910785
7.97 1.01837844992
7.99 1.12213703664
8.01 1.06042281759
8.03 0.987262887213
8.05 0.955500236945
8.07 0.979445672445
8.09 1.12284882091
8.11 1.00370784877
8.13 0.989630138103
8.15 1.02194183007
8.17 0.935690096943
8.19 0.991022740641
8.21 0.997230142378
8.23 0.914534149887
8.25 1.05531350765
8.27 0.989995099024
8.290000000000001 0.961991531931
8.31 0.985229779654
8.33 1.09049783448
8.35 1.04832637767
8.370000000000001 1.01763215969
8.39 1.07145045655
8.41 1.04926379032
8.43 0.985199467068
8.45 0.899100506111
8.47 0.908120059906
8.49 0.981016008843
8.51 1.02584381267
8.53 1.11748425643
8.55 1.03484244261
8.57 0.991130311425
8.59 0.944874999517
8.61 0.939939818602
8.63 1.00337747657
8.65 1.03378965492
8.67 0.963370279443
8.69 1.05346722489
8.71 0.994161609961
8.73 0.894587508117
8.75 1.07860149447
8.77 0.995431111269
8.790000000000001 0.990481961108
8.81 1.00965853572
8.83 0.996683360012
8.85 1.03975355928
8.870000000000001 1.0081488743
8.89 0.928913688639
8.91 0.963901728359
8.93 1.08063972517
8.950000000000001 1.0175912144
8.97 0.991649018915
8.99 1.0051900051
9.01 1.05795124388
9.03 1.0164146835
9.05 1.02981116443
9.07 0.941695213263
9.09 0.957792787474
9.11 0.971229734828
9.13 1.05179889709
9.15 0.977298416946
9.17 1.12182789024
9.19 1.0295274738
9.21 1.04266275032
9.23 0.971384065303
9.25 1.02795095131
9.27 0.979918766041
9.290000000000001 0.980348909461
9.31 0.940228276426
9.33 1.06465655285
9.35 0.86807232576
9.370000000000001 1.08781047201
9.39 0.942268677773
9.41 1.10575279404
9.43 1.04335821923
9.450000000000001 0.918808680471
9.47 0.994104400093
9.49 0.979578148622
9.51 1.02961926309
9.53 1.08192614493
9.55 1.01295362864
9.57 0.968923952219
9.59 1.01610952832
9.61 1.13184411506
9.63 0.994738268195
9.65 1.01957181423
9.67 0.995503447581
9.69 1.00075351509
9.71 1.04729039289
9.73 0.977240113016
9.75 1.02121436367
9.77 1.03361376581
9.790000000000001 0.961610691408
9.81 0.974081051481
9.83 1.08251046478
9.85 1.02042819051
9.870000000000001 1.00640786607
9.89 1.0377722291
9.91 0.911872668599
9.93 1.03834402429
9.950000000000001 0.969860577467
9.97 1.02471198901
9.99 0.930550213256
10.01 0.959333059981
10.03 1.01152495586
10.05 0.983687246041
10.07 0.984076586932
10.09 1.03123228859
10.11 1.07586765042
10.13 0.917689696982
10.15 1.01816261762
10.17 0.946560308565
10.19 0.984065090173
10.21 0.984448352258
10.23 1.00558765919
10.25 0.996719856623
10.27 1.04072703839
10.290000000000001 1.01118890106
10.31 0.990919353093
10.33 0.934183228054
10.35 1.01444554809
10.370000000000001 0.912377770903
10.39 0.912892386136
10.41 1.00859859968
10.43 0.988567225422
10.450000000000001 1.08150442911
10.47 1.05239621699
10.49 1.03014668472
10.51 1.02818636752
10.53 1.01278938998
10.55 0.963904238389
10.57 0.977705824867
10.59 0.995911259497
10.61 1.04962869278
10.63 0.956650020227
10.65 1.02574748931
10.67 0.975176550321
10.69 1.00204500392
10.71 0.993564693636
10.73 0.967524639723
10.75 0.998647023219
10.77 1.08661339043
10.790000000000001 1.09771943106
10.81 0.966912359603
10.83 0.928090274843
10.85 0.94160170787
10.870000000000001 1.03537557211
10.89 0.907810543867
10.91 0.990489342133
10.93 1.07286556474
10.950000000000001 1.02996592479
10.97 0.920547538007
10.99 1.03480477773
11.01 1.02006703552
11.03 1.03105208588
11.05 0.999292561049
11.07 1.03372066218
11.09 0.997815798673
11.11 0.957792787474
11.13 0.962431364952
11.15 1.00302683818
11.17 0.961097179911
11.19 0.929860035024
11.21 0.974505866292
11.23 1.04420486399
11.25 1.02976481569
11.27 1.04887295949
11.290000000000001 1.0198468515
11.31 1.034732645
11.33 1.02457622102
11.35 1.07058325648
11.370000000000001 0.904763566708
11.39 1.09582455389
11.41 0.951220643125
11.43 0.997034025806
11.450000000000001 0.966443424217
11.47 0.97504352622
11.49 0.965132429502
11.51 1.06390074647
11.53 1.01498926409
11.55 0.92334824905
11.57 0.948262711886
11.59 1.04637839115
11.61 1.05473708801
11.63 0.965686849624
11.65 1.01466079428
11.67 0.891613863918
11.69 0.940546961866
11.71 0.957074607466
11.73 0.997683394284
11.75 1.06626642418
11.77 0.988278928792
11.790000000000001 0.956584128626
11.81 1.00291216436
11.83 1.06503919757
11.85 0.981607003534
11.870000000000001 0.981940808725
11.89 1.00807057252
11.91 1.01033987596
11.93 1.05017858207
11.950000000000001 1.02275340453
11.97 1.00133325875
11.99 1.02327706418
12.01 0.974423498331
12.030000000000001 1.0787135686
12.05 0.973146939638
12.07 0.948076862498
12.09 1.01286167013
12.11 1.06963912656
12.13 1.02508267546
12.15 1.03310492937
12.17 0.977122553532
12.19 0.994874942855
12.21 0.948800505855
12.23 1.02248864076
12.25 0.949554529949
12.27 0.978773717599
12.290000000000001 0.963742283246
12.31 1.01392702427
12.33 1.03715887824
12.35 0.962881091213
12.370000000000001 0.940343006619
12.39 0.975007000647
12.41 0.986744366789
12.43 0.933905758985
12.450000000000001 0.994944902651
12.47 0.913881228145
12.49 0.938864741605
12.51 0.995831115993
12.530000000000001 1.0827441678
12.55 0.977616892394
12.57 1.03612673394
12.59 0.982007119167
